# Druckabfall Drehschieberpumpe
# Startdruck 1000mbar
# Enddruck 0.03mbar
# p/mbar delta_t_i/s (i=1,...,6)
1000 00.00 00.00 00.00 00.00 00.00 00.00
100 15.28 16.48 14.60 14.03 13.89 13.52
60 10.93 09.42 11.26 12.04 11.77 12.05
40 06.24 06.14 06.94 06.50 07.60 07.00
20 08.00 08.47 08.04 08.32 07.53 08.48
10 07.59 07.37 07.63 07.57 07.83 07.77
08 02.24 02.39 02.26 02.46 02.19 02.29
06 02.90 03.01 03.26 03.13 03.31 03.12
04 03.53 03.65 03.53 03.82 03.76 03.74
02 06.86 06.46 06.68 06.64 06.36 06.73
01 07.32 07.51 07.61 07.66 07.89 07.56
0.80 02.71 02.66 02.80 02.43 02.30 02.86
0.60 04.03 04.36 04.39 04.50 04.66 04.21
0.40 07.02 06.93 07.17 07.03 07.16 07.56
0.20 15.30 13.87 14.73 15.40 15.23 15.37
0.10 15.95 14.19 15.71 15.50 15.47 16.29
0.08 07.72 07.02 08.26 08.62 08.44 08.73
0.06 18.18 14.66 18.94 19.10 17.69 19.27
