# Messung zu V47 Temperaturabhängigkeit der Molwärme von Festkörpern
# delta-t/s Uprobe/V Iprobe/mA Rprob(init)/ohm Rzyl(init)/ohm
# Rprob(final)/ohm Rzyl(final)/ohm
300 14.19 192.5 22.2 22.4 28.1 26.3
210 14.20 194.5 28.1 26.3 31.9 30.0
210 14.20 195.2 31.9 30.0 35.5 37.8
240 14.20 192.2 35.7 38.0 40.2 53.0
240 14.21 192.0 40.3 53.2 44.8 63.0
240 14.22 189.5 44.8 63.0 48.9 64.3
240 14.22 190.0 48.9 64.3 52.9 63.6
240 14.23 190.0 52.9 63.6 56.6 63.0
240 14.24 190.0 56.6 63.0 60.0 64.0
240 14.24 190.0 60.0 64.0 63.3 68.4
270 14.25 190.1 63.3 68.4 67.1 70.6
270 14.25 190.2 67.1 70.6 70.7 72.9
270 14.26 190.3 70.7 72.9 74.2 75.5
270 14.26 190.3 74.2 75.5 77.6 81.7
270 14.26 190.4 77.6 81.7 81.1 85.3
270 14.27 190.5 81.1 85.3 85.0 87.1
270 14.27 190.9 85.0 87.1 88.4 89.9
270 14.27 190.8 88.6 90.0 92.2 95.2
270 14.28 191.1 92.2 95.2 96.0 98.7
270 14.27 189.7 96.2 98.9 99.7 100.8
270 14.27 189.9 99.7 100.8 103.0 104.4
270 14.28 191.7 103.0 104.4 106.4 108.1
270 14.28 191.5 106.4 108.1 109.8 111.6
270 14.28 191.6 109.8 111.6 113.2 115.1
270 14.28 191.7 113.2 115.1 116.7 116.8
