#$SPEC_ID:
#No sample description was entered.
#$SPEC_REM:
#DET# 1
#DETDESC# PRAK01 Easy-MCA-2k SN 15071856
#AP# Maestro Version 7.01
#$DATE_MEA:
#01/01/2002 00:38:24
#$MEAS_TIM:
#59 60
#$DATA:
#0 511
       0
       0
       0
       0
       0
       0
       0
       0
       0
       0
       0
       0
       0
       0
       0
       0
       0
       0
       0
       0
       0
       0
       0
       0
       0
       0
       0
       0
       0
       0
       0
       1
      76
     102
      96
      81
     103
     112
     117
     100
      99
      85
     110
     127
     114
     105
     120
     106
     110
     119
     115
     110
     130
     126
     124
     108
     115
     109
     126
     117
     139
     126
     130
     143
     164
     142
     141
     135
     132
     136
     132
     148
     144
     151
     142
     130
     114
     121
     124
     131
     122
     122
     130
     135
     128
     112
     132
     119
     118
     116
     105
      96
     111
     122
     124
     102
     105
     123
     109
     107
     116
      97
      92
      90
      94
     113
      90
     111
      97
     118
     104
     127
     119
      93
     113
     101
      98
      91
     104
      96
     107
     113
     109
     106
     125
     108
     105
     109
      97
     108
     129
     121
     100
      96
     139
     110
     148
     112
     122
     129
     101
      98
     102
     101
      99
     104
      88
      91
      79
      66
      65
      69
      63
      54
      53
      59
      47
      44
      62
      33
      43
      44
      31
      40
      43
      38
      56
      35
      29
      46
      48
      40
      31
      44
      39
      41
      44
      38
      39
      37
      41
      50
      35
      51
      43
      51
      55
      66
      63
      66
      86
      88
     127
     151
     185
     189
     291
     324
     393
     459
     518
     557
     670
     754
     761
     777
     755
     780
     770
     759
     682
     596
     536
     414
     365
     272
     253
     180
     138
      76
      77
      48
      38
      21
      12
      14
      11
       4
       2
       2
       1
       2
       1
       2
       2
       0
       1
       1
       0
       2
       2
       0
       2
       1
       2
       1
       0
       1
       0
       1
       3
       1
       0
       0
       2
       2
       0
       0
       2
       0
       0
       0
       3
       1
       0
       1
       1
       4
       0
       2
       1
       1
       0
       1
       0
       1
       2
       1
       1
       1
       1
       0
       1
       3
       1
       1
       1
       1
       0
       0
       0
       0
       0
       1
       0
       1
       2
       0
       2
       0
       0
       1
       2
       0
       0
       0
       0
       0
       2
       0
       0
       1
       0
       0
       0
       0
       0
       0
       2
       1
       0
       0
       1
       0
       1
       0
       0
       1
       1
       1
       0
       0
       0
       0
       0
       0
       2
       2
       0
       0
       0
       1
       0
       0
       0
       2
       3
       0
       1
       1
       1
       0
       0
       0
       0
       0
       1
       0
       0
       1
       0
       1
       0
       0
       0
       0
       2
       1
       0
       2
       1
       0
       2
       0
       1
       0
       0
       0
       1
       0
       1
       0
       0
       1
       0
       2
       0
       0
       0
       0
       1
       0
       0
       0
       0
       0
       2
       2
       0
       1
       1
       0
       0
       0
       1
       0
       0
       1
       0
       0
       0
       0
       1
       0
       0
       1
       1
       0
       0
       0
       0
       1
       0
       0
       1
       1
       0
       0
       0
       1
       2
       1
       0
       0
       0
       0
       0
       2
       0
       0
       2
       1
       1
       1
       2
       0
       0
       0
       0
       0
       0
       0
       0
       0
       0
       0
       1
       0
       0
       0
       0
       0
       0
       0
       0
       0
       0
       0
       0
       0
       0
       0
       0
       0
       0
       0
       0
       0
       0
       0
       0
       0
       0
       0
       0
       0
       0
       0
       0
       0
       0
       0
       0
       0
       0
       0
       0
       0
       0
       0
       0
       0
       0
       0
       0
       0
       0
       0
       0
       0
       0
       0
#$ROI:
#1
#191 222
#$PRESETS:
#Real Time
#60
#0
#$ENER_FIT:
#0.000000 3.991138
#$MCA_CAL:
#3
#0.000000E+000 3.991138E+000 0.000000E+000 keV
#$SHAPE_CAL:
#3
#1.151547E+001 0.000000E+000 0.000000E+000
