#$SPEC_ID:
#No sample description was entered.
#$SPEC_REM:
#DET# 1
#DETDESC# PRAK01 Easy-MCA-2k SN 15071856
#AP# Maestro Version 7.01
#$DATE_MEA:
#01/01/2002 00:32:00
#$MEAS_TIM:
#59 60
#$DATA:
#0 511
       0
       0
       0
       0
       0
       0
       0
       0
       0
       0
       0
       0
       0
       0
       0
       0
       0
       0
       0
       0
       0
       0
       0
       0
       0
       0
       0
       0
       0
       0
       0
       1
      81
      89
      85
      81
      80
     104
     121
     113
     131
     114
     115
     112
     130
     111
     115
     115
      99
     100
     115
     118
     112
     116
     136
     118
     107
     118
     123
     126
     124
     123
     122
     138
     143
     159
     135
     146
     113
     137
     139
     125
     134
     145
     130
     144
     150
     114
     157
     128
     143
     141
     117
     133
     114
     129
     126
     119
     105
     117
      93
     119
     134
     119
     100
     124
     112
     110
      99
     111
      92
     113
     121
     105
      88
     120
     109
     111
     103
     125
      96
     116
     113
     107
      92
     108
     105
     113
     109
     114
     106
     109
     109
     125
     121
     111
     123
     124
     115
     125
     109
     102
     110
      86
     117
     107
     113
     100
     127
     114
     111
     105
     128
     107
      86
     114
     114
      87
      82
      83
      82
      81
      68
      57
      47
      55
      54
      61
      45
      49
      51
      41
      50
      41
      25
      38
      33
      42
      46
      43
      36
      41
      33
      39
      30
      41
      36
      27
      46
      44
      46
      40
      48
      48
      55
      53
      48
      45
      66
      63
      82
      99
     109
     139
     162
     225
     237
     315
     378
     445
     490
     578
     681
     667
     765
     769
     795
     808
     777
     751
     700
     590
     529
     488
     404
     316
     253
     185
     140
      97
      77
      53
      28
      17
      15
       9
       8
       3
       4
       2
       4
       1
       1
       0
       1
       1
       0
       1
       1
       2
       0
       1
       1
       2
       3
       0
       5
       1
       1
       1
       0
       3
       0
       1
       1
       0
       0
       0
       1
       0
       0
       0
       0
       0
       2
       2
       0
       0
       0
       0
       0
       3
       0
       0
       1
       2
       0
       1
       0
       1
       0
       0
       0
       2
       1
       0
       1
       1
       1
       0
       0
       0
       1
       0
       0
       2
       0
       1
       0
       0
       0
       0
       0
       0
       2
       0
       0
       0
       1
       1
       0
       1
       1
       0
       2
       2
       0
       0
       1
       2
       2
       3
       0
       0
       0
       0
       0
       0
       1
       0
       0
       1
       0
       1
       2
       0
       3
       0
       0
       1
       0
       2
       1
       0
       0
       0
       1
       0
       1
       1
       0
       1
       0
       0
       0
       1
       0
       0
       0
       1
       0
       0
       0
       2
       0
       0
       0
       2
       0
       1
       1
       1
       1
       0
       2
       0
       1
       0
       0
       0
       0
       1
       0
       0
       1
       0
       1
       1
       0
       0
       0
       1
       1
       0
       0
       0
       1
       0
       0
       0
       0
       0
       0
       0
       0
       0
       1
       0
       2
       0
       0
       0
       0
       0
       0
       0
       0
       0
       0
       0
       0
       1
       1
       0
       1
       0
       0
       0
       2
       1
       0
       0
       0
       1
       0
       0
       1
       1
       1
       0
       1
       0
       0
       1
       0
       1
       0
       0
       0
       1
       0
       1
       0
       0
       0
       1
       0
       0
       0
       0
       0
       0
       1
       0
       0
       0
       0
       0
       0
       0
       0
       0
       0
       0
       0
       0
       0
       0
       0
       0
       0
       0
       0
       0
       0
       0
       0
       0
       0
       0
       0
       0
       0
       0
       0
       0
       0
       0
       0
       0
       0
       0
       0
       0
       0
       0
       0
       0
       0
       0
       0
       0
#$ROI:
#1
#191 222
#$PRESETS:
#Real Time
#60
#0
#$ENER_FIT:
#0.000000 3.991138
#$MCA_CAL:
#3
#0.000000E+000 3.991138E+000 0.000000E+000 keV
#$SHAPE_CAL:
#3
#1.151547E+001 0.000000E+000 0.000000E+000
