#$SPEC_ID:
#No sample description was entered.
#$SPEC_REM:
#DET# 1
#DETDESC# PRAK01 Easy-MCA-2k SN 15071856
#AP# Maestro Version 7.01
#$DATE_MEA:
#01/01/2002 00:35:40
#$MEAS_TIM:
#59 60
#$DATA:
#0 511
       0
       0
       0
       0
       0
       0
       0
       0
       0
       0
       0
       0
       0
       0
       0
       0
       0
       0
       0
       0
       0
       0
       0
       0
       0
       0
       0
       0
       0
       0
       0
       1
      75
      95
     106
     102
      97
      99
      81
     114
     117
     112
      96
     120
     106
     112
     123
     128
      97
     118
     127
      91
      95
     116
     120
     108
     103
     122
     121
     126
     146
     127
     135
     141
     156
     134
     153
     138
     156
     136
     157
     146
     132
     120
     140
     136
     133
     142
     112
     124
     145
      95
     125
     108
     111
     113
     121
     112
     118
     111
     119
     112
     115
     108
     101
     105
     109
     107
     102
      99
     100
     111
      88
     105
     122
     116
     102
     104
     104
     107
      99
     106
     102
      92
     102
     115
     104
     108
     106
     116
     133
     104
     105
     101
     101
     119
     116
     106
      92
     116
     106
     110
     124
     109
     112
     110
     109
     113
     108
     118
     112
     119
     125
     108
     113
      94
      97
      83
      89
      89
      87
      79
      52
      54
      54
      43
      60
      55
      53
      45
      53
      49
      28
      47
      33
      35
      42
      44
      49
      38
      32
      38
      37
      37
      45
      39
      51
      52
      45
      30
      30
      40
      35
      43
      41
      45
      55
      51
      67
      60
      73
      92
     110
     137
     146
     183
     247
     271
     395
     413
     560
     557
     646
     698
     783
     785
     732
     786
     752
     723
     713
     620
     533
     491
     404
     383
     236
     223
     156
     135
      84
      70
      50
      31
      20
      16
      11
       4
       5
       3
       2
       3
       3
       1
       3
       2
       2
       2
       0
       1
       0
       0
       0
       1
       3
       0
       1
       1
       0
       0
       0
       1
       1
       0
       1
       0
       0
       1
       1
       0
       2
       1
       0
       0
       0
       0
       0
       0
       0
       0
       0
       1
       0
       0
       0
       1
       2
       1
       0
       0
       3
       0
       2
       2
       2
       0
       0
       2
       0
       2
       0
       0
       0
       0
       0
       0
       1
       0
       1
       1
       3
       1
       1
       0
       0
       1
       0
       1
       1
       0
       1
       0
       0
       0
       0
       0
       1
       2
       2
       0
       0
       0
       0
       1
       2
       0
       0
       0
       1
       0
       0
       0
       0
       1
       0
       1
       1
       1
       0
       0
       2
       1
       0
       0
       0
       1
       1
       0
       1
       0
       1
       1
       1
       0
       0
       0
       2
       1
       0
       1
       0
       1
       1
       0
       0
       0
       0
       0
       0
       1
       1
       0
       2
       1
       0
       0
       1
       2
       0
       0
       0
       0
       0
       0
       1
       0
       0
       1
       2
       0
       0
       0
       1
       0
       1
       0
       0
       0
       1
       0
       0
       0
       0
       0
       1
       0
       1
       2
       0
       1
       1
       0
       0
       0
       0
       0
       0
       0
       0
       1
       0
       1
       0
       0
       0
       1
       0
       1
       0
       0
       0
       0
       0
       2
       1
       0
       1
       1
       1
       0
       2
       0
       0
       0
       0
       0
       1
       0
       0
       0
       0
       0
       0
       1
       0
       0
       0
       1
       0
       1
       0
       0
       0
       0
       0
       0
       0
       0
       0
       0
       0
       0
       0
       0
       0
       0
       0
       0
       0
       0
       0
       0
       0
       0
       0
       0
       0
       0
       0
       0
       0
       0
       0
       0
       0
       0
       0
       0
       0
       0
       0
       0
       0
       0
       0
       0
       0
       0
       0
       0
       0
       0
#$ROI:
#1
#191 222
#$PRESETS:
#Real Time
#60
#0
#$ENER_FIT:
#0.000000 3.991138
#$MCA_CAL:
#3
#0.000000E+000 3.991138E+000 0.000000E+000 keV
#$SHAPE_CAL:
#3
#1.151547E+001 0.000000E+000 0.000000E+000
