#$SPEC_ID:
#No sample description was entered.
#$SPEC_REM:
#DET# 1
#DETDESC# PRAK01 Easy-MCA-2k SN 15071856
#AP# Maestro Version 7.01
#$DATE_MEA:
#01/01/2002 00:28:27
#$MEAS_TIM:
#59 60
#$DATA:
#0 511
       0
       0
       0
       0
       0
       0
       0
       0
       0
       0
       0
       0
       0
       0
       0
       0
       0
       0
       0
       0
       0
       0
       0
       0
       0
       0
       0
       0
       0
       0
       0
       1
      73
      99
     101
     125
     103
     101
      96
     110
     120
      98
     121
     114
     127
     130
     118
     107
     109
     112
     133
      98
     106
     121
     114
     135
     113
     110
     120
     123
     153
     146
     147
     132
     149
     151
     140
     150
     135
     160
     125
     148
     140
     147
     139
     124
     122
     122
     128
     126
     115
     134
     132
      99
     111
      98
     108
     129
     113
     122
     137
     117
     104
     123
     100
     107
     112
      94
     117
     122
     112
     119
     109
     111
      99
     108
     102
      84
     109
      88
     101
      94
     101
      97
     108
     101
     115
     107
     100
     117
     100
     100
     104
      96
     107
      97
     114
     122
     105
     114
     111
     107
     111
     114
     103
     120
     106
     108
     108
     107
      99
     123
     111
      95
      91
      78
      95
      86
      72
      67
      72
      70
      51
      53
      54
      60
      50
      52
      40
      65
      41
      30
      43
      45
      39
      35
      36
      29
      55
      37
      39
      39
      39
      53
      29
      30
      41
      28
      51
      44
      42
      51
      53
      44
      45
      33
      53
      60
      63
      69
      89
      82
      89
     159
     166
     198
     260
     295
     405
     424
     557
     576
     681
     675
     776
     799
     773
     799
     746
     774
     661
     599
     518
     417
     370
     271
     232
     143
     152
      82
      65
      48
      27
      22
      16
       7
       3
       6
       1
       2
       3
       2
       0
       2
       1
       0
       3
       0
       2
       2
       1
       0
       2
       3
       1
       1
       1
       1
       2
       1
       4
       1
       4
       0
       0
       0
       0
       1
       1
       0
       1
       0
       0
       1
       0
       3
       1
       0
       0
       2
       0
       1
       1
       0
       0
       1
       0
       0
       0
       0
       0
       0
       0
       1
       0
       0
       2
       4
       0
       0
       1
       0
       0
       0
       1
       0
       0
       1
       0
       1
       2
       1
       0
       0
       0
       1
       0
       1
       0
       0
       0
       1
       0
       1
       0
       0
       0
       0
       0
       0
       0
       1
       0
       0
       0
       0
       2
       2
       2
       0
       0
       0
       0
       1
       1
       0
       0
       0
       1
       1
       1
       0
       0
       0
       2
       1
       1
       1
       0
       0
       0
       0
       0
       0
       0
       1
       1
       0
       0
       0
       1
       1
       0
       0
       1
       1
       0
       1
       1
       0
       0
       0
       0
       2
       0
       0
       0
       0
       0
       1
       0
       1
       0
       0
       0
       0
       1
       0
       1
       2
       1
       0
       0
       0
       1
       1
       0
       0
       0
       0
       0
       0
       0
       0
       0
       2
       0
       1
       0
       1
       0
       1
       0
       0
       0
       0
       0
       1
       0
       0
       0
       1
       0
       0
       0
       0
       1
       2
       1
       0
       0
       2
       0
       1
       3
       0
       1
       0
       0
       0
       0
       0
       1
       2
       0
       3
       1
       0
       0
       1
       0
       0
       0
       0
       1
       0
       0
       0
       1
       0
       0
       1
       0
       0
       0
       0
       0
       0
       0
       0
       0
       0
       0
       0
       0
       0
       0
       0
       0
       0
       0
       0
       0
       0
       0
       0
       0
       0
       0
       0
       0
       0
       0
       0
       0
       0
       0
       0
       0
       0
       0
       0
       0
       0
       0
       0
       0
       0
       0
       0
       0
       0
#$ROI:
#1
#191 222
#$PRESETS:
#Real Time
#60
#0
#$ENER_FIT:
#0.000000 3.991138
#$MCA_CAL:
#3
#0.000000E+000 3.991138E+000 0.000000E+000 keV
#$SHAPE_CAL:
#3
#1.151547E+001 0.000000E+000 0.000000E+000
