#$SPEC_ID:
#No sample description was entered.
#$SPEC_REM:
#DET# 1
#DETDESC# PRAK01 Easy-MCA-2k SN 15071856
#AP# Maestro Version 7.01
#$DATE_MEA:
#01/01/2002 01:16:14
#$MEAS_TIM:
#479 480
#$DATA:
#0 511
       0
       0
       0
       0
       0
       0
       0
       0
       0
       0
       0
       0
       0
       0
       0
       0
       0
       0
       0
       0
       0
       0
       0
       0
       0
       0
       0
       0
       0
       0
       0
       7
     373
     437
     496
     539
     558
     467
     517
     556
     559
     508
     564
     529
     577
     564
     556
     593
     577
     610
     560
     617
     551
     557
     634
     593
     621
     608
     658
     687
     650
     665
     642
     673
     653
     683
     657
     781
     702
     658
     674
     674
     650
     612
     638
     640
     609
     615
     631
     618
     560
     534
     652
     552
     572
     594
     598
     601
     609
     557
     536
     556
     548
     535
     559
     561
     523
     540
     559
     538
     535
     565
     540
     486
     542
     511
     503
     479
     504
     527
     465
     531
     516
     508
     545
     492
     516
     505
     525
     528
     523
     541
     527
     523
     502
     513
     552
     521
     536
     522
     534
     530
     521
     490
     512
     498
     522
     544
     538
     577
     550
     497
     481
     454
     443
     435
     408
     388
     366
     346
     306
     289
     257
     268
     275
     282
     227
     237
     215
     228
     222
     219
     204
     196
     207
     201
     191
     190
     186
     206
     213
     198
     211
     212
     212
     199
     202
     215
     228
     206
     211
     226
     222
     247
     245
     261
     298
     314
     380
     415
     482
     617
     752
     917
    1126
    1474
    1713
    2026
    2354
    2724
    3034
    3328
    3480
    3804
    3810
    3968
    3828
    3663
    3260
    2976
    2682
    2303
    1963
    1621
    1235
     969
     753
     492
     376
     294
     190
     142
      98
      46
      41
      38
      15
      16
      11
      15
      13
      11
       8
       5
       8
       5
       2
       6
       5
       4
       8
       6
      12
       7
      10
       6
       4
       6
       6
       7
       7
      10
       4
       9
       2
       4
       5
       5
      13
       5
       6
      10
       9
       3
       4
       9
       7
       3
       6
      11
       6
       4
       1
       5
       7
       2
       7
       3
       4
       3
       5
       5
       1
       8
       5
       6
       5
      10
       2
       6
       6
       3
       7
       4
       5
       6
       6
       5
       3
       7
       4
       5
       3
       6
       5
       2
       1
       5
       3
       4
       5
       1
       5
       3
       7
       7
       3
       5
       2
       3
       2
       9
       6
       5
       3
       6
       1
       1
       2
       3
       6
       5
       2
       2
       3
       5
       3
       6
       1
       3
       1
       5
       6
       3
       9
       3
       4
       7
       6
       6
       8
       4
       2
       3
       2
       2
       2
       3
       1
       2
       2
       3
       3
       6
       1
       1
       2
       5
       3
       4
       5
       3
       5
       4
       4
       1
       2
       3
       1
       4
       3
       1
       3
       1
       2
       1
       1
       4
       2
       0
       2
       2
       5
       1
       1
       2
       2
       1
       1
       0
       1
       1
       1
       2
       1
       1
       4
       2
       0
       2
       1
       1
       0
       3
       4
       4
       3
       3
       3
       0
       3
       8
       3
       3
       5
       4
       6
       2
       5
       3
       5
       8
       2
       4
       6
       6
       3
       7
       3
       4
       2
       1
       4
       3
       3
       0
       6
       2
       4
       2
       2
       0
       1
       3
       2
       2
       1
       1
       1
       0
       2
       4
       1
       2
       0
       0
       0
       0
       0
       0
       0
       0
       0
       0
       0
       0
       0
       0
       0
       0
       0
       0
       0
       0
       0
       0
       0
       0
       0
       0
       0
       0
       0
       0
       0
       0
       0
       0
       0
       0
       0
       0
       0
       0
       0
       0
       0
       0
       0
       0
       0
       0
#$ROI:
#1
#191 222
#$PRESETS:
#Real Time
#480
#0
#$ENER_FIT:
#0.000000 3.991138
#$MCA_CAL:
#3
#0.000000E+000 3.991138E+000 0.000000E+000 keV
#$SHAPE_CAL:
#3
#1.151547E+001 0.000000E+000 0.000000E+000
