#$SPEC_ID:
#No sample description was entered.
#$SPEC_REM:
#DET# 1
#DETDESC# PRAK01 Easy-MCA-2k SN 15071856
#AP# Maestro Version 7.01
#$DATE_MEA:
#01/01/2002 01:35:47
#$MEAS_TIM:
#599 600
#$DATA:
#0 511
       0
       0
       0
       0
       0
       0
       0
       0
       0
       0
       0
       0
       0
       0
       0
       0
       0
       0
       0
       0
       0
       0
       0
       0
       0
       0
       0
       0
       0
       0
       0
       6
      76
      90
     131
     158
     132
     123
     151
     154
     154
     158
     170
     161
     146
     159
     158
     148
     193
     148
     165
     152
     168
     138
     144
     146
     155
     142
     144
     158
     154
     148
     132
     140
     159
     149
     150
     143
     149
     136
     139
     129
     139
     113
     122
     159
     126
     122
     115
      94
      93
     114
     109
     111
     105
      96
     114
     105
      99
      83
      79
      96
     101
      91
      69
      90
      86
      79
     101
      72
      75
      77
      81
      63
      79
      67
      76
      67
      75
      79
      62
      69
      73
      65
      73
      66
      82
      60
      61
      64
      56
      56
      55
      76
      61
      47
      67
      62
      67
      60
      58
      67
      66
      54
      45
      57
      60
      74
      46
      64
      47
      57
      49
      47
      50
      43
      47
      48
      42
      37
      44
      41
      26
      39
      40
      36
      34
      45
      29
      31
      29
      22
      19
      45
      31
      28
      29
      26
      35
      35
      25
      27
      30
      23
      31
      38
      35
      26
      19
      39
      45
      29
      29
      24
      31
      30
      28
      36
      46
      49
      56
      62
      71
     111
     119
     131
     136
     166
     192
     224
     255
     231
     252
     261
     292
     261
     264
     234
     247
     205
     164
     149
     145
      89
      79
      68
      48
      32
      24
      36
      18
      10
      13
      13
      12
      19
      11
      10
      10
      13
       6
       3
       7
       6
      11
       9
       8
       7
       8
      12
      11
       7
      10
      11
       8
       4
       4
       6
       5
       6
       8
       5
       5
       5
       6
       5
       6
      14
       9
       4
      10
       3
       9
       7
       5
       6
       5
       9
       8
       6
       7
       8
       9
       4
       4
       4
      10
       5
       6
       8
       8
       6
      12
       6
       6
       9
      10
       7
       4
       2
      15
       5
       2
       8
      10
       8
       5
       8
       7
       4
       7
       5
       4
       5
       6
       3
       6
       4
       4
       4
       3
       6
       4
       2
       5
       4
       4
       3
       5
       7
       2
       3
       7
       3
       7
       8
       2
       6
       5
       2
       3
       5
       0
       6
       7
       3
       9
       2
       7
       4
       4
       5
       1
       4
       7
       2
       5
       4
       3
       2
       2
       4
       3
       1
       5
       5
       3
       3
       0
       8
       5
       4
       3
       2
       5
       4
       3
       3
       5
       3
       4
       1
       2
       1
       3
       3
       2
       4
       3
       3
       5
       2
       1
       2
       6
       2
       2
       0
       3
       1
       3
       1
       1
       2
       5
       2
       1
       2
       2
       2
       3
       1
       4
       2
       4
       1
       2
       0
       5
       3
       5
       4
       3
       2
       1
       5
       3
       4
       6
       1
       3
       5
       7
       2
       5
       8
       9
       2
      10
       9
       6
       9
       7
       6
       5
       4
       6
       8
       3
       5
       2
       5
       1
       5
       4
       2
       4
       4
       2
       1
       2
       3
       1
       2
       0
       2
       1
       1
       1
       0
       2
       0
       1
       1
       0
       0
       0
       0
       0
       0
       0
       0
       0
       0
       0
       0
       0
       0
       0
       0
       0
       0
       0
       0
       0
       0
       0
       0
       0
       0
       0
       0
       0
       0
       0
       0
       0
       0
       0
       0
       0
       0
       0
       0
       0
       0
       0
       0
       0
       0
       0
       0
#$ROI:
#1
#191 222
#$PRESETS:
#Real Time
#600
#0
#$ENER_FIT:
#0.000000 3.991138
#$MCA_CAL:
#3
#0.000000E+000 3.991138E+000 0.000000E+000 keV
#$SHAPE_CAL:
#3
#1.151547E+001 0.000000E+000 0.000000E+000
