#$SPEC_ID:
#No sample description was entered.
#$SPEC_REM:
#DET# 1
#DETDESC# PRAK01 Easy-MCA-2k SN 15071856
#AP# Maestro Version 7.01
#$DATE_MEA:
#01/01/2002 02:06:34
#$MEAS_TIM:
#479 480
#$DATA:
#0 511
       0
       0
       0
       0
       0
       0
       0
       0
       0
       0
       0
       0
       0
       0
       0
       0
       0
       0
       0
       0
       0
       0
       0
       0
       0
       0
       0
       0
       0
       0
       0
       2
      89
      99
     137
     148
     139
     134
     140
     140
     171
     163
     142
     151
     140
     150
     130
     137
     152
     151
     137
     132
     148
     157
     163
     131
     163
     152
     140
     139
     151
     145
     155
     150
     148
     157
     143
     143
     157
     148
     140
      88
     135
     141
     124
     147
     125
     127
     133
      96
     114
     109
      99
     120
     121
      95
     101
      94
     102
     119
     114
      92
      91
      99
     111
     117
      91
      89
      80
      94
      88
      76
      80
      83
      78
      90
      87
      74
      71
      83
      83
      84
      90
      77
      75
      71
      83
      61
      88
      87
      69
      66
      62
      82
      84
      58
      69
      90
      81
      71
      76
      70
      74
      69
      61
      89
      62
      66
      89
      69
      72
      50
      37
      46
      59
      56
      44
      43
      46
      52
      39
      45
      33
      36
      46
      34
      32
      34
      40
      33
      32
      31
      27
      23
      18
      27
      37
      34
      32
      31
      43
      42
      30
      34
      33
      25
      36
      39
      49
      35
      40
      35
      35
      42
      43
      38
      43
      60
      81
      74
     111
     118
     150
     195
     219
     266
     269
     311
     380
     403
     410
     397
     419
     431
     419
     353
     310
     275
     318
     248
     225
     135
     127
      90
      72
      42
      49
      36
      20
      12
      16
      13
      11
       6
       8
       4
       3
       8
       6
       6
      12
       5
      10
       6
       7
       2
       9
       9
       4
      10
       2
      11
       5
       5
       8
       4
       5
       8
       6
       9
       6
       7
       4
       4
       4
       7
      11
       4
       6
       6
       6
      10
       8
       9
       8
      11
      10
       3
       7
       4
       5
       3
       4
       6
       2
       8
       3
       7
       8
       6
       4
       6
       5
       8
       6
       7
       7
       3
       4
       4
       7
       4
       5
       2
       2
       5
       1
       3
       9
       8
       6
       9
       1
       4
       5
       6
       1
       2
       4
       4
       7
       9
       4
       5
       6
       4
       3
       3
       7
       5
       6
       3
       4
       6
       5
       5
       6
       5
       2
       3
       7
      11
       7
       9
       3
       2
       5
       5
       3
       6
       2
       5
       4
       3
       2
       6
       2
       2
       2
       4
       3
       7
       5
       4
       2
       4
       1
       4
       2
       6
       4
       2
       1
       2
       1
       7
       3
       3
       2
       2
       0
       3
       2
       1
       5
       3
       0
       1
       3
       2
       3
       4
       2
       0
       3
       2
       4
       1
       4
       1
       1
       1
       1
       2
       1
       0
       2
       2
       4
       0
       0
       3
       2
       2
       5
       1
       2
       3
       4
       2
       6
       2
       1
       5
       3
       4
       5
       4
       8
       1
       5
       8
       2
       6
       4
       1
       5
       2
       4
       7
       6
       6
       5
      11
       6
       4
       6
       5
       2
       8
       3
       1
       0
       5
       0
       3
       0
       1
       2
       2
       1
       3
       1
       0
       1
       1
       2
       0
       1
       1
       0
       0
       2
       1
       1
       0
       0
       0
       0
       0
       0
       0
       0
       0
       0
       0
       0
       0
       0
       0
       0
       0
       0
       0
       0
       0
       0
       0
       0
       0
       0
       0
       0
       0
       0
       0
       0
       0
       0
       0
       0
       0
       0
       0
       0
       0
       0
       0
       0
       0
       0
       0
#$ROI:
#2
#191 222
#272 296
#$PRESETS:
#Real Time
#480
#0
#$ENER_FIT:
#0.000000 3.991138
#$MCA_CAL:
#3
#0.000000E+000 3.991138E+000 0.000000E+000 keV
#$SHAPE_CAL:
#3
#1.151547E+001 0.000000E+000 0.000000E+000
