#$SPEC_ID:
#No sample description was entered.
#$SPEC_REM:
#DET# 1
#DETDESC# PRAK01 Easy-MCA-2k SN 15071856
#AP# Maestro Version 7.01
#$DATE_MEA:
#01/01/2002 03:17:27
#$MEAS_TIM:
#59 60
#$DATA:
#0 511
       0
       0
       0
       0
       0
       0
       0
       0
       0
       0
       0
       0
       0
       0
       0
       0
       0
       0
       0
       0
       0
       0
       0
       0
       0
       0
       0
       0
       0
       0
       0
       1
      77
     118
      98
     105
     113
     110
     101
     107
     108
     125
     126
     109
     111
     119
     137
     106
     121
     137
     120
     123
     135
     102
     133
     122
     138
     116
     128
     153
     147
     134
     165
     143
     143
     152
     137
     169
     160
     157
     150
     140
     130
     159
     127
     135
     146
     138
     125
     132
     142
     106
     143
     133
     126
     120
     108
     115
     109
     105
     141
     105
     106
     117
     104
     109
      98
     136
     108
     119
     109
     110
      99
     104
     116
     118
     110
     118
     131
     128
     143
     121
     108
     109
     104
     111
     115
     130
     100
     117
     132
     123
      95
     108
     120
      95
     114
     117
     115
     127
     120
     123
     118
     109
     101
     115
     100
     118
     121
      97
     115
     102
     109
      92
      85
      91
      92
      83
      74
      68
      68
      44
      56
      41
      63
      50
      43
      43
      58
      42
      47
      52
      41
      46
      42
      40
      49
      55
      43
      39
      53
      39
      41
      40
      43
      44
      41
      48
      44
      54
      45
      37
      49
      75
      57
      78
      87
      98
     128
     159
     209
     239
     273
     389
     425
     492
     563
     658
     676
     717
     845
     833
     855
     820
     786
     748
     667
     620
     535
     452
     363
     300
     230
     161
     128
      91
      67
      45
      25
      25
      22
      10
      10
       2
       1
       0
       0
       3
       2
       2
       2
       2
       0
       1
       1
       1
       1
       2
       2
       0
       0
       1
       1
       0
       0
       1
       1
       0
       2
       0
       1
       1
       1
       1
       0
       2
       0
       3
       1
       1
       2
       2
       0
       2
       1
       0
       1
       0
       0
       0
       1
       1
       1
       0
       1
       1
       2
       0
       1
       1
       0
       1
       0
       1
       0
       0
       1
       0
       0
       2
       1
       0
       1
       0
       0
       0
       1
       0
       1
       0
       2
       1
       0
       0
       1
       1
       0
       0
       1
       0
       1
       0
       2
       0
       2
       0
       0
       0
       0
       1
       1
       0
       0
       1
       0
       1
       2
       0
       2
       0
       1
       0
       0
       0
       2
       1
       0
       0
       0
       0
       0
       0
       2
       0
       0
       1
       0
       0
       0
       0
       0
       0
       1
       0
       1
       1
       0
       0
       0
       0
       1
       0
       1
       0
       0
       1
       0
       0
       0
       2
       0
       0
       1
       0
       0
       1
       0
       1
       0
       1
       0
       0
       0
       1
       1
       1
       0
       0
       0
       2
       2
       1
       1
       0
       1
       0
       1
       0
       0
       0
       0
       0
       1
       0
       0
       0
       0
       1
       2
       0
       0
       0
       0
       0
       0
       1
       0
       1
       1
       0
       0
       1
       1
       1
       1
       0
       1
       2
       0
       0
       2
       0
       1
       1
       0
       0
       0
       1
       1
       2
       0
       0
       1
       0
       1
       1
       0
       0
       0
       0
       0
       0
       0
       0
       0
       1
       0
       0
       0
       0
       0
       2
       0
       0
       0
       0
       0
       0
       0
       0
       0
       0
       0
       0
       0
       0
       0
       0
       0
       0
       0
       0
       0
       0
       0
       0
       0
       0
       0
       0
       0
       0
       0
       0
       0
       0
       0
       0
       0
       0
       0
       0
       0
       0
       0
       0
       0
       0
       0
       0
       0
       0
#$ROI:
#1
#191 218
#$PRESETS:
#Real Time
#60
#0
#$ENER_FIT:
#0.000000 3.991138
#$MCA_CAL:
#3
#0.000000E+000 3.991138E+000 0.000000E+000 keV
#$SHAPE_CAL:
#3
#1.151547E+001 0.000000E+000 0.000000E+000
