#$SPEC_ID:
#No sample description was entered.
#$SPEC_REM:
#DET# 1
#DETDESC# PRAK01 Easy-MCA-2k SN 15071856
#AP# Maestro Version 7.01
#$DATE_MEA:
#01/01/2002 04:06:43
#$MEAS_TIM:
#479 480
#$DATA:
#0 511
       0
       0
       0
       0
       0
       0
       0
       0
       0
       0
       0
       0
       0
       0
       0
       0
       0
       0
       0
       0
       0
       0
       0
       0
       0
       0
       0
       0
       0
       0
       0
       2
      85
     103
     131
     156
     125
     117
     134
     139
     124
     148
     151
     131
     139
     152
     143
     134
     137
     153
     173
     157
     133
     135
     171
     142
     148
     128
     175
     189
     134
     131
     126
     123
     132
     140
     125
     145
     136
     112
      91
     128
     121
     105
     129
     128
     110
     103
     119
     106
      95
     106
     103
      92
      91
      99
     109
      93
      82
      91
      84
      70
      84
      89
      70
      78
      79
      67
      76
      71
      72
      73
      72
      73
      69
      65
      65
      90
      71
      79
      69
      74
      59
      79
      60
      64
      75
      51
      60
      81
      57
      73
      65
      60
      55
      63
      56
      69
      55
      67
      51
      59
      64
      58
      64
      63
      61
      70
      75
      43
      54
      49
      54
      42
      55
      43
      49
      42
      46
      44
      36
      41
      32
      49
      25
      27
      24
      33
      35
      36
      31
      28
      31
      24
      22
      24
      32
      24
      38
      37
      19
      20
      25
      40
      23
      28
      29
      30
      22
      31
      31
      39
      41
      40
      37
      35
      54
      60
      53
      84
      94
     106
     118
     160
     190
     221
     219
     261
     263
     308
     326
     358
     346
     300
     296
     305
     303
     227
     183
     170
     166
     115
      79
      74
      59
      44
      25
      18
      18
      15
      18
       9
      11
      15
       8
      10
       7
       9
       7
      10
       4
       9
       8
       7
       7
       8
       8
       5
       0
       4
       4
      12
      12
       8
       3
       5
       1
       7
       4
       7
       4
       7
       3
       5
      10
       9
       5
       8
       1
       6
       5
       3
       2
       3
       4
       9
       9
       7
       7
       8
       4
       5
       7
       6
       9
       4
       9
       8
       1
       5
       2
       2
       5
       6
       4
       6
       7
       7
       6
       3
       2
       4
       2
       3
       6
       7
       9
       3
       6
       5
       5
       7
       3
       3
       4
       2
       3
       4
       6
       7
       6
       4
       4
       6
       2
       5
       4
       4
       3
       5
       5
       5
       4
       6
       6
       6
       4
       2
       8
       4
       4
       4
       2
       3
       5
       5
       6
       2
       6
       4
       1
       4
       1
       2
       5
       5
       2
       4
       3
       3
       2
       2
       7
       3
       2
       4
       2
       5
       0
       5
       3
       4
       1
       6
       4
       6
       2
       3
       2
       4
       1
       2
       1
       1
       4
       1
       5
       1
       0
       2
       1
       3
       3
       4
       1
       1
       0
       2
       4
       1
       1
       0
       1
       4
       3
       2
       3
       0
       2
       3
       0
       6
       2
       3
       4
       1
       2
       2
       1
       3
       0
       4
       4
       1
       4
       5
       1
       3
       5
       4
       4
       4
       4
       4
       4
       4
       1
       5
       5
       4
       2
       3
       4
       6
       0
       5
       2
       4
       6
       2
       2
       3
       3
       2
       1
       1
       1
       0
       1
       1
       4
       0
       0
       1
       2
       2
       2
       1
       0
       1
       0
       1
       0
       0
       0
       0
       0
       0
       0
       0
       0
       0
       0
       0
       0
       0
       0
       0
       0
       0
       0
       0
       0
       0
       0
       0
       0
       0
       0
       0
       0
       0
       0
       0
       0
       0
       0
       0
       0
       0
       0
       0
       0
       0
       0
       0
       0
       0
       0
       0
       0
       0
#$ROI:
#1
#191 218
#$PRESETS:
#Real Time
#480
#0
#$ENER_FIT:
#0.000000 3.991138
#$MCA_CAL:
#3
#0.000000E+000 3.991138E+000 0.000000E+000 keV
#$SHAPE_CAL:
#3
#1.151547E+001 0.000000E+000 0.000000E+000
