#$SPEC_ID:
#No sample description was entered.
#$SPEC_REM:
#DET# 1
#DETDESC# PRAK01 Easy-MCA-2k SN 15071856
#AP# Maestro Version 7.01
#$DATE_MEA:
#01/01/2002 03:20:53
#$MEAS_TIM:
#479 480
#$DATA:
#0 511
       0
       0
       0
       0
       0
       0
       0
       0
       0
       0
       0
       0
       0
       0
       0
       1
       0
       0
       0
       0
       0
       0
       0
       0
       0
       0
       0
       0
       0
       0
       0
       4
      96
     112
     140
     170
     157
     172
     148
     163
     180
     167
     178
     153
     143
     156
     190
     166
     173
     174
     176
     189
     158
     171
     163
     174
     155
     199
     185
     176
     151
     169
     147
     175
     165
     146
     149
     153
     148
     160
     148
     116
     154
     166
     144
     121
     116
     166
     123
     134
     122
     125
     107
     139
     117
     110
     122
     114
     111
     110
     103
     104
     102
      99
     115
     120
     113
     103
      96
     116
     100
      85
      92
     101
      72
     105
     105
     105
      98
     106
      85
      83
      89
     107
      93
      91
      96
      78
      81
      76
      69
      94
      82
      81
      90
      96
      93
      82
      84
      81
      89
      97
      74
      81
      75
      87
      86
      88
      79
      77
      93
      84
      57
      71
      48
      63
      45
      61
      55
      47
      41
      58
      39
      46
      46
      44
      47
      43
      34
      32
      23
      33
      35
      35
      45
      34
      33
      38
      32
      32
      42
      41
      39
      49
      44
      25
      29
      41
      42
      46
      44
      41
      38
      54
      62
      69
      78
      90
     100
     101
     151
     165
     206
     252
     280
     352
     373
     438
     444
     511
     503
     484
     472
     486
     485
     450
     391
     344
     301
     231
     201
     158
     128
      95
      69
      51
      47
      34
      21
      22
      15
       8
      12
      13
       6
      11
       4
       1
      11
       6
       5
       6
       9
       5
       9
       6
       6
       5
       9
       2
       2
       5
       4
       4
       6
       6
       3
       6
       5
       5
       8
       8
       2
       5
       7
       6
       6
       5
       6
       5
       5
       6
       6
       4
       8
       9
       2
       5
       5
       6
       4
       3
       4
       5
       5
       8
       7
      10
       5
       4
       6
       6
       4
       4
       3
       6
       5
      10
       3
       4
       6
       6
       5
       5
       5
       1
       3
       2
       4
       5
       5
       5
       3
       8
       5
       7
       5
       2
       6
       4
       6
       2
       5
       2
       2
       4
       7
       6
       3
       5
       2
       2
      10
       8
       2
       2
       5
       3
       6
       3
       6
       8
       4
       3
       1
       3
       5
       4
       2
       5
       6
       4
       1
       2
       5
       2
       2
       5
       1
       2
       2
       3
       1
       1
       3
       4
       6
       2
       7
       4
       3
       4
       4
       0
       4
       4
       4
       1
       4
       1
       0
       1
       1
       3
       1
       3
       3
       1
       2
       1
       1
       1
       6
       2
       3
       1
       5
       3
       1
       1
       0
       3
       2
       1
       1
       0
       0
       2
       3
       2
       2
       1
       4
       1
       0
       3
       2
       1
       3
       5
       5
       3
       7
       3
       7
       5
       4
       5
       2
       5
       2
       5
       7
       3
       8
       6
       5
       8
       4
       6
       1
       6
       5
       2
       4
       2
       5
       8
       0
       1
       3
       1
       1
       0
       1
       1
       4
       1
       3
       1
       0
       0
       0
       1
       0
       1
       1
       2
       0
       0
       1
       0
       1
       1
       0
       0
       0
       0
       0
       0
       0
       0
       0
       0
       0
       0
       0
       0
       0
       0
       0
       0
       0
       0
       0
       0
       0
       0
       0
       0
       0
       0
       0
       0
       0
       0
       0
       0
       0
       0
       0
       0
       0
       0
       0
       0
       0
       0
       0
       0
       0
       0
#$ROI:
#1
#191 218
#$PRESETS:
#Real Time
#480
#0
#$ENER_FIT:
#0.000000 3.991138
#$MCA_CAL:
#3
#0.000000E+000 3.991138E+000 0.000000E+000 keV
#$SHAPE_CAL:
#3
#1.151547E+001 0.000000E+000 0.000000E+000
