#$SPEC_ID:
#No sample description was entered.
#$SPEC_REM:
#DET# 1
#DETDESC# PRAK01 Easy-MCA-2k SN 15071856
#AP# Maestro Version 7.01
#$DATE_MEA:
#01/01/2002 02:37:43
#$MEAS_TIM:
#479 480
#$DATA:
#0 511
       0
       0
       0
       0
       0
       0
       0
       0
       0
       0
       0
       0
       0
       0
       0
       0
       0
       0
       0
       0
       0
       0
       0
       0
       0
       0
       0
       0
       0
       0
       0
       7
      79
     108
     134
     147
     140
     137
     143
     125
     144
     155
     154
     158
     152
     131
     139
     142
     159
     139
     154
     133
     162
     130
     160
     132
     127
     135
     140
     148
     151
     121
     145
     146
     167
     125
     152
     147
     130
     118
     117
     132
     115
     135
     115
     116
     121
     123
     112
     109
     140
      96
     110
      93
     104
      95
      96
     100
     104
      97
      72
      91
     100
      92
      77
      86
      91
      96
      85
      74
      83
      80
     106
      73
      80
      66
      80
      81
      79
      71
      87
      78
      64
      52
      73
      66
      83
      66
      78
      73
      71
      67
      57
      69
      61
      62
      74
      72
      75
      62
      72
      71
      47
      50
      65
      54
      69
      61
      55
      74
      49
      51
      58
      68
      45
      56
      54
      48
      47
      38
      35
      42
      42
      32
      35
      36
      44
      40
      37
      38
      25
      46
      40
      34
      36
      43
      27
      37
      33
      28
      29
      37
      35
      32
      31
      33
      40
      32
      43
      44
      46
      31
      39
      53
      50
      48
      65
      70
      74
      95
     122
     121
     153
     143
     191
     201
     236
     255
     295
     318
     298
     305
     312
     307
     302
     265
     227
     208
     201
     152
     134
      97
      83
      56
      46
      37
      20
      29
      14
       9
      14
      10
       4
       5
       8
      10
       3
       8
       5
       7
       6
      10
       1
       6
       7
       9
       7
       4
       5
       5
       9
       5
       6
       2
       5
       6
       7
      10
       5
       4
       6
       3
       5
       5
       1
       5
       4
       4
       6
       4
       4
       5
       7
       4
       8
       5
       7
       3
       5
       7
       6
       2
       5
       4
       5
       2
       7
       8
       3
       6
       5
       4
       6
       1
       2
       2
       2
       3
       6
      10
       1
       3
       4
       9
       1
       9
       6
       1
       4
       6
       8
       5
       5
       8
       1
       2
       3
       2
       5
       5
       3
       6
       4
       5
       4
       3
       7
       3
       4
       4
       2
       6
       4
       1
       4
       6
       3
       4
       9
       4
       2
       2
       2
       5
       4
       3
       4
       5
       8
       7
       4
       8
       5
       6
       2
       4
       4
       3
       1
       5
       2
       1
       4
       4
       3
       2
       5
       4
       1
       1
       1
       3
       4
       2
       2
       7
       2
       1
       6
       2
       1
       3
       1
       1
       3
       1
       3
       2
       1
       4
       5
       4
       0
       1
       3
       1
       1
       0
       2
       0
       1
       1
       5
       1
       1
       2
       2
       0
       0
       1
       2
       3
       0
       1
       5
       1
       3
       3
       2
       3
       3
       2
       4
       2
       0
       3
       1
       6
       6
       3
       1
       6
      10
       8
       1
       5
       7
       8
       6
       4
       3
       2
       2
       3
       8
       4
       4
       4
       2
       5
       6
       2
       1
       3
       4
       0
       2
       1
       2
       2
       2
       1
       0
       1
       1
       0
       1
       2
       2
       0
       0
       3
       0
       1
       0
       0
       0
       0
       0
       0
       0
       0
       0
       0
       0
       0
       0
       0
       0
       0
       0
       0
       0
       0
       0
       0
       0
       0
       0
       0
       0
       0
       0
       0
       0
       0
       0
       0
       0
       0
       0
       0
       0
       0
       0
       0
       0
       0
       0
       0
       0
       0
#$ROI:
#1
#191 218
#$PRESETS:
#Real Time
#480
#0
#$ENER_FIT:
#0.000000 3.991138
#$MCA_CAL:
#3
#0.000000E+000 3.991138E+000 0.000000E+000 keV
#$SHAPE_CAL:
#3
#1.151547E+001 0.000000E+000 0.000000E+000
