#$SPEC_ID:
#No sample description was entered.
#$SPEC_REM:
#DET# 1
#DETDESC# PRAK01 Easy-MCA-2k SN 15071856
#AP# Maestro Version 7.01
#$DATE_MEA:
#01/01/2002 03:58:04
#$MEAS_TIM:
#479 480
#$DATA:
#0 511
       0
       0
       0
       0
       0
       0
       0
       0
       0
       0
       0
       0
       0
       0
       0
       0
       0
       0
       0
       0
       0
       0
       0
       0
       0
       0
       0
       0
       0
       0
       0
       4
      79
      90
      92
     117
     119
     110
     128
     144
     136
     141
     140
     116
     132
     137
     125
     123
     127
     125
     121
     119
     121
     147
     144
     105
     135
     146
     137
     134
     138
     123
     143
     126
     124
     109
     116
     127
     123
      98
     130
     137
      88
     104
     103
      96
     105
      82
      96
     102
      85
      76
      83
      77
      70
      73
      91
      80
      85
      78
      50
      75
      76
      76
      68
      53
      76
      76
      63
      65
      56
      64
      52
      63
      53
      64
      59
      61
      78
      45
      60
      46
      52
      43
      57
      46
      37
      43
      46
      53
      39
      46
      53
      50
      60
      53
      52
      37
      49
      44
      57
      53
      43
      54
      59
      42
      41
      40
      47
      41
      42
      41
      33
      30
      23
      23
      27
      28
      24
      25
      28
      32
      42
      23
      23
      20
      23
      27
      26
      34
      27
      29
      23
      22
      32
      21
      23
      24
      25
      27
      32
      18
      22
      23
      25
      15
      25
      24
      23
      27
      22
      36
      26
      30
      32
      37
      37
      45
      52
      48
      62
      69
      71
     125
     125
     139
     177
     180
     190
     183
     196
     235
     206
     211
     198
     203
     167
     136
     152
     106
      96
      64
      63
      51
      46
      35
      22
      17
      13
       7
       6
       7
      11
      10
       7
       3
       6
       4
       2
      10
       7
       5
       6
       4
       6
       9
       6
       6
       5
       3
       2
       6
       8
       8
       7
       7
       5
       3
       5
       6
       6
       2
       5
       5
       8
       6
       5
       5
       5
       9
       4
       3
       5
       4
       5
       5
       6
       3
       1
       5
       3
       7
       4
       3
       4
       7
       5
       8
       6
       3
       7
       7
       7
       5
       6
      10
       7
       7
       3
       5
       5
       7
       3
       3
       6
       3
       3
       6
       4
       7
       3
       3
       5
       6
       2
       9
       8
       3
       3
       2
       5
       4
       2
       1
       2
       3
       5
       5
       2
       4
       3
       2
       6
       4
       2
       5
       2
       5
       6
       6
       0
       0
       4
       5
       6
       4
       3
       1
       7
       3
       0
       5
       6
       2
       5
       4
       4
       6
       7
       3
       5
       5
       1
       0
       1
       4
       5
       5
       3
       2
       7
       1
       3
       2
       0
       3
       2
       4
       0
       2
       2
       3
       0
       4
       4
       1
       0
       1
       1
       2
       3
       1
       0
       1
       0
       2
       2
       2
       2
       2
       3
       0
       3
       1
       3
       2
       1
       2
       1
       3
       2
       2
       2
       4
       3
       0
       3
       0
       1
       3
       1
       4
       1
       3
       3
       3
       5
       3
       5
       2
       5
       7
       6
       4
       4
       3
       7
       4
       3
       4
       2
       5
       5
       8
       5
       3
       4
       1
       4
       8
       1
       2
       3
       3
       1
       3
       0
       1
       3
       1
       1
       0
       0
       0
       2
       2
       0
       2
       1
       2
       0
       1
       0
       1
       0
       0
       0
       0
       0
       0
       0
       0
       0
       0
       0
       0
       0
       0
       0
       0
       0
       0
       0
       0
       0
       0
       0
       0
       0
       0
       0
       0
       0
       0
       0
       0
       0
       0
       0
       0
       0
       0
       0
       0
       0
       0
       0
       0
       0
       0
       0
       0
#$ROI:
#1
#191 218
#$PRESETS:
#Real Time
#480
#0
#$ENER_FIT:
#0.000000 3.991138
#$MCA_CAL:
#3
#0.000000E+000 3.991138E+000 0.000000E+000 keV
#$SHAPE_CAL:
#3
#1.151547E+001 0.000000E+000 0.000000E+000
