#$SPEC_ID:
#No sample description was entered.
#$SPEC_REM:
#DET# 1
#DETDESC# PRAK01 Easy-MCA-2k SN 15071856
#AP# Maestro Version 7.01
#$DATE_MEA:
#01/01/2002 02:16:09
#$MEAS_TIM:
#479 480
#$DATA:
#0 511
       0
       0
       0
       0
       0
       0
       0
       0
       0
       0
       0
       0
       0
       0
       0
       0
       0
       0
       0
       0
       0
       0
       0
       0
       0
       0
       0
       0
       0
       0
       0
       9
     302
     467
     446
     464
     496
     466
     467
     564
     514
     481
     547
     499
     552
     504
     527
     543
     539
     544
     577
     523
     576
     526
     547
     580
     553
     601
     610
     625
     622
     572
     644
     644
     624
     657
     652
     659
     642
     588
     630
     604
     613
     547
     566
     545
     547
     594
     582
     518
     572
     511
     567
     548
     557
     495
     534
     471
     488
     513
     494
     501
     496
     515
     499
     476
     486
     466
     478
     475
     493
     482
     496
     505
     468
     447
     501
     505
     499
     460
     488
     467
     438
     452
     481
     457
     483
     480
     499
     451
     468
     476
     459
     487
     487
     478
     488
     499
     463
     522
     492
     482
     478
     524
     488
     477
     462
     476
     457
     448
     428
     499
     419
     384
     366
     388
     339
     323
     312
     288
     274
     245
     240
     221
     222
     202
     215
     197
     190
     212
     200
     207
     177
     201
     185
     182
     175
     179
     189
     155
     185
     170
     187
     196
     181
     199
     196
     192
     182
     201
     201
     219
     237
     231
     253
     288
     323
     369
     467
     590
     681
     891
    1034
    1334
    1625
    1790
    2118
    2461
    2789
    3056
    3340
    3342
    3447
    3573
    3367
    3207
    2969
    2746
    2426
    2057
    1669
    1417
    1093
     834
     617
     490
     323
     225
     164
     103
      80
      45
      36
      20
      13
      11
       7
      11
       6
       4
      12
      11
       3
       9
       6
       6
      10
      10
       8
       3
      11
       8
      12
       6
       3
       8
       3
      10
       5
       5
       6
       2
       4
       4
       5
       3
      10
       3
       8
       4
       5
       5
       6
      10
      10
      10
       7
       2
       4
       6
       6
       6
       6
       2
       2
       9
       7
       3
       1
       4
       8
       5
       3
       3
      10
       5
       4
       5
       2
       3
       5
       6
       6
       6
       4
       9
       2
       3
       8
       3
       4
       4
       8
       3
       2
       3
       3
       1
       3
       2
       4
       4
       5
       3
       7
       4
       3
       6
       5
       4
       2
       2
       6
       3
       3
       3
       4
       6
       4
       7
       2
       2
       1
       4
       2
       8
       5
       1
       4
       4
       5
       2
       4
       1
       2
       4
       2
       5
       2
       4
       2
       1
       2
       1
       5
       2
       4
       0
       3
       5
       5
       3
       5
       0
       4
       1
       0
       0
       1
       1
       2
       9
       4
       0
       2
       2
       2
       1
       2
       2
       4
       4
       1
       1
       3
       1
       2
       1
       4
       5
       5
       2
       4
       2
       1
       7
       2
       1
       1
       1
       1
       0
       1
       3
       2
       2
       1
       2
       3
       4
       4
       2
       4
       0
       3
       4
       4
       2
       3
       4
       2
       6
       1
       5
       9
       6
      10
       5
       4
       6
       1
       7
       4
       6
       3
       1
       2
       9
       3
       2
       3
       0
       3
       0
       4
       2
       2
       2
       3
       2
       3
       2
       1
       1
       0
       1
       2
       0
       1
       0
       2
       0
       2
       2
       1
       0
       0
       0
       0
       0
       0
       0
       0
       0
       0
       0
       0
       0
       0
       0
       0
       0
       0
       0
       0
       0
       0
       0
       0
       0
       0
       0
       0
       0
       0
       0
       0
       0
       0
       0
       0
       0
       0
       0
       0
       0
       0
       0
       0
       0
       0
       0
#$ROI:
#2
#191 222
#272 296
#$PRESETS:
#Real Time
#480
#0
#$ENER_FIT:
#0.000000 3.991138
#$MCA_CAL:
#3
#0.000000E+000 3.991138E+000 0.000000E+000 keV
#$SHAPE_CAL:
#3
#1.151547E+001 0.000000E+000 0.000000E+000
