#$SPEC_ID:
#No sample description was entered.
#$SPEC_REM:
#DET# 1
#DETDESC# PRAK01 Easy-MCA-2k SN 15071856
#AP# Maestro Version 7.01
#$DATE_MEA:
#01/01/2002 02:49:09
#$MEAS_TIM:
#479 480
#$DATA:
#0 511
       0
       0
       0
       0
       0
       0
       0
       0
       0
       0
       0
       0
       0
       0
       0
       0
       0
       0
       0
       0
       0
       0
       0
       0
       0
       0
       0
       0
       0
       0
       0
       4
      74
     127
     155
     155
     142
     160
     157
     198
     160
     147
     187
     163
     157
     159
     145
     172
     177
     141
     149
     175
     177
     162
     170
     170
     154
     184
     178
     137
     157
     152
     177
     170
     157
     149
     170
     157
     171
     153
     159
     133
     137
     127
     117
     120
     155
     145
     117
     151
     128
     101
     138
     103
     119
     117
     126
     108
     118
     125
     117
     100
     115
     115
     116
     121
     115
      94
     116
      94
      87
     102
      99
     104
     101
     114
     111
      99
      98
      93
      97
      91
      94
     110
      75
      93
      90
      93
      86
      89
      90
      92
      81
      94
      94
      90
      72
      76
      88
      78
      91
      78
     104
      84
      85
      86
      84
      77
      85
      85
      67
      65
      66
      73
      52
      63
      63
      53
      48
      56
      43
      59
      49
      45
      55
      42
      37
      35
      34
      46
      41
      42
      35
      35
      35
      33
      42
      34
      37
      41
      44
      40
      33
      43
      41
      43
      43
      44
      47
      41
      32
      44
      53
      43
      47
      52
      71
      79
     100
     103
     113
     159
     170
     231
     243
     294
     333
     417
     404
     490
     493
     552
     486
     528
     465
     451
     402
     381
     286
     259
     202
     179
     144
     120
      77
      58
      36
      26
      20
      14
       7
       3
      15
      11
       7
       6
       4
       6
       9
      12
       8
       6
       5
       5
       5
       6
       7
       3
       6
       5
       3
       9
       5
       4
       7
       5
       6
       3
       6
       2
       8
       5
       2
      11
       8
      10
       9
       4
       7
       0
       6
       7
       8
       6
       5
       3
       3
       2
       5
      10
       6
       5
       3
       4
      10
       6
       6
       4
      10
       4
       6
       3
       4
       3
       6
       4
       4
       6
       6
       6
       5
       6
       2
       4
       6
       7
       6
       7
       4
       4
       4
       3
       2
       4
       4
       5
       4
       4
       2
       5
       4
       5
       3
       6
       3
       2
       2
       5
       7
       4
       7
       5
       4
       2
       5
       2
       2
       1
       6
       6
       4
       3
       3
       1
       2
       1
       6
       3
       8
       8
       5
       3
       6
       3
       3
       2
       4
       3
       3
       5
       3
       4
       2
       4
       1
       3
       6
       5
       2
       3
       3
       5
       2
       1
       3
       5
       1
       2
       2
       5
       4
       0
       2
       2
       2
       2
       1
       2
       2
       3
       1
       3
       2
       0
       1
       2
       0
       0
       0
       2
       2
       2
       0
       1
       3
       1
       4
       1
       1
       2
       2
       5
       3
       2
       4
       3
       3
       4
       2
       2
       4
       5
       5
       4
       3
       9
       4
       2
       2
       3
       2
       6
       5
       5
       3
       5
       5
       3
       3
       6
       2
       8
       4
       6
       3
       5
       2
       1
       1
       3
       0
       2
       1
       3
       2
       1
       4
       2
       2
       0
       1
       0
       1
       1
       3
       1
       1
       4
       0
       1
       2
       0
       1
       0
       1
       0
       0
       0
       0
       0
       0
       0
       0
       0
       0
       0
       0
       0
       0
       0
       0
       0
       0
       0
       0
       0
       0
       0
       0
       0
       0
       0
       0
       0
       0
       0
       0
       0
       0
       0
       0
       0
       0
       0
       0
       0
       0
       0
       0
       0
       0
       0
#$ROI:
#1
#191 218
#$PRESETS:
#Real Time
#480
#0
#$ENER_FIT:
#0.000000 3.991138
#$MCA_CAL:
#3
#0.000000E+000 3.991138E+000 0.000000E+000 keV
#$SHAPE_CAL:
#3
#1.151547E+001 0.000000E+000 0.000000E+000
