#$SPEC_ID:
#No sample description was entered.
#$SPEC_REM:
#DET# 1
#DETDESC# PRAK01 Easy-MCA-2k SN 15071856
#AP# Maestro Version 7.01
#$DATE_MEA:
#01/01/2002 03:49:06
#$MEAS_TIM:
#479 480
#$DATA:
#0 511
       0
       0
       0
       0
       0
       0
       0
       0
       0
       0
       0
       0
       0
       0
       0
       0
       0
       0
       0
       0
       0
       0
       0
       0
       0
       0
       0
       0
       0
       0
       0
       7
     127
     165
     158
     209
     197
     213
     201
     199
     192
     206
     209
     185
     187
     192
     216
     217
     199
     217
     205
     199
     178
     181
     205
     195
     179
     204
     199
     180
     217
     205
     218
     218
     171
     217
     197
     176
     204
     231
     198
     178
     186
     206
     182
     179
     176
     173
     181
     181
     158
     135
     139
     164
     181
     145
     172
     157
     170
     140
     138
     148
     156
     150
     133
     146
     156
     150
     111
     119
     107
     116
     115
     127
     133
     125
     130
     128
     126
     128
     151
     159
     120
     138
     116
     134
     135
     136
     127
     119
     123
     119
     139
     115
     125
     142
     108
     130
     110
     121
     116
     122
     115
     110
     116
     113
      98
     124
     102
     116
     120
     111
      95
      97
      96
      97
      76
      59
      93
      60
      55
      74
      60
      71
      43
      54
      48
      58
      51
      60
      56
      66
      56
      46
      65
      46
      56
      48
      45
      40
      64
      51
      62
      53
      54
      67
      51
      59
      48
      53
      61
      76
      67
      87
      77
      71
      92
     104
     132
     194
     211
     257
     297
     370
     445
     472
     620
     659
     737
     766
     809
     796
     795
     731
     775
     675
     602
     522
     448
     362
     282
     261
     193
     129
      92
      70
      58
      30
      30
      20
      14
       8
      11
       9
      10
       7
       4
      10
       5
       2
       5
       4
      10
       3
       7
       8
       6
       6
       9
       6
      10
       6
       4
       9
       5
       4
       2
       5
       3
      10
       6
       9
       9
       5
       9
       4
       4
       9
       6
       6
       4
       4
       2
       8
       7
      10
       4
       3
      10
       4
       8
       8
       5
       5
       5
       9
       4
      10
       7
      10
       3
       4
       5
       2
       8
       7
       6
       3
       5
       1
      10
       4
       7
       8
       8
       6
       5
       4
       5
       2
       4
       4
       2
       3
       3
       7
       3
       6
       6
       4
       4
       6
       6
       1
       2
       5
       2
       1
       3
       6
       2
       6
       2
       5
       2
       4
       5
       4
       6
       3
       5
       4
       3
       4
       5
       2
       2
       5
       4
       4
       3
       5
       5
       5
       4
       0
       1
       5
       4
       7
       3
       5
       1
      10
       2
       1
       5
       3
       1
       2
       4
       4
       3
       1
       2
       3
       3
       3
       0
       5
       2
       4
       2
       1
       5
       4
       6
       3
       7
       3
       3
       6
       1
       3
       3
       1
       5
       1
       1
       1
       2
       2
       4
       1
       0
       1
       0
       1
       1
       4
       2
       3
       0
       2
       4
       0
       0
       5
       2
       1
       5
       0
       2
       5
       0
       8
       6
       5
       7
       8
       4
       2
       6
       2
       4
       3
       5
       9
       2
       2
       6
      10
       6
       5
       3
       3
       4
       6
       1
       0
       1
       1
       1
       1
       4
       1
       0
       2
       0
       1
       2
       3
       1
       0
       1
       1
       3
       0
       1
       2
       1
       3
       0
       0
       0
       0
       0
       0
       0
       0
       0
       0
       0
       0
       0
       0
       0
       0
       0
       0
       0
       0
       0
       0
       0
       0
       0
       0
       0
       0
       0
       0
       0
       0
       0
       0
       0
       0
       0
       0
       0
       0
       0
       0
       0
       0
       0
       0
       0
       0
       0
       0
#$ROI:
#1
#191 218
#$PRESETS:
#Real Time
#480
#0
#$ENER_FIT:
#0.000000 3.991138
#$MCA_CAL:
#3
#0.000000E+000 3.991138E+000 0.000000E+000 keV
#$SHAPE_CAL:
#3
#1.151547E+001 0.000000E+000 0.000000E+000
