#$SPEC_ID:
#No sample description was entered.
#$SPEC_REM:
#DET# 1
#DETDESC# PRAK01 Easy-MCA-2k SN 15071856
#AP# Maestro Version 7.01
#$DATE_MEA:
#01/01/2002 03:39:04
#$MEAS_TIM:
#479 480
#$DATA:
#0 511
       0
       0
       0
       0
       0
       0
       0
       0
       0
       0
       0
       0
       0
       0
       0
       0
       0
       0
       0
       0
       0
       0
       0
       0
       0
       0
       0
       0
       0
       0
       0
       3
      66
     101
     126
     129
     109
     137
     144
     132
     147
     165
     159
     166
     148
     158
     167
     156
     136
     152
     153
     155
     155
     128
     134
     140
     155
     141
     123
     157
     158
     145
     124
     147
     164
     140
     152
     137
     132
     126
     126
     135
     130
     114
     123
     100
     122
     113
     123
     129
     125
      97
     109
     108
      96
     100
      91
     121
      75
      85
      87
      92
      94
     104
      74
      87
      96
      76
      92
      85
      79
      86
      90
      86
      70
      93
      86
      77
      91
      69
      73
      83
      74
      77
      71
      74
      59
      87
      70
      60
      81
      84
      67
      57
      64
      63
      74
      80
      71
      60
      60
      55
      73
      67
      60
      60
      53
      56
      59
      62
      63
      64
      61
      57
      51
      44
      52
      47
      34
      39
      35
      34
      37
      25
      42
      37
      41
      29
      42
      30
      23
      26
      24
      29
      32
      34
      36
      21
      28
      23
      29
      34
      27
      28
      39
      37
      31
      32
      37
      35
      45
      30
      38
      57
      27
      44
      57
      62
      83
      84
     124
     136
     164
     178
     224
     284
     306
     330
     333
     376
     363
     400
     347
     355
     316
     310
     264
     240
     166
     165
     130
     108
      65
      61
      32
      27
      25
      20
      13
      20
       7
      12
       4
      15
      13
       3
      10
       8
       7
       8
       8
       1
       7
       6
      11
      12
       7
       6
       8
       6
       6
       3
       5
       9
       6
       9
       4
       5
       6
       3
       3
       3
       5
       3
       3
       3
       8
       6
       9
       4
       8
       8
       5
       5
       4
       6
      12
       6
       4
       1
       3
       8
       4
       4
       7
       6
       9
       8
       2
       8
       5
       5
       4
       3
       8
       2
       4
       4
       5
       6
       6
       5
       5
       5
       5
       5
       7
       7
       8
       4
       3
       2
       5
       2
       4
      10
       3
       5
       7
       4
       3
       1
       1
       4
       6
       5
       4
       3
       8
       4
       3
       2
       7
       5
       3
       6
       6
       4
       3
       5
       4
       4
       4
       5
       4
       6
       4
       2
       4
       3
       8
       3
       6
       3
       2
       7
       4
       6
       3
       3
      11
       1
       3
       3
       5
       2
       5
       2
       2
       0
       7
       2
       0
       3
       4
       1
       2
       2
       1
       2
       4
       2
       1
       0
       3
       2
       1
       1
       0
       1
       2
       1
       3
       0
       2
       0
       3
       3
       1
       3
       1
       1
       2
       2
       2
       1
       6
       3
       5
       3
       3
       1
       2
       3
       1
       3
       2
       8
       3
       1
       5
       4
       0
       4
       2
       5
       6
       1
       3
       5
       2
       6
       5
       3
       7
       7
       7
       4
       1
       4
       4
       4
       0
       2
       7
       4
       1
       3
       6
       2
       1
       0
       1
       0
       6
       3
       0
       0
       0
       2
       2
       0
       2
       2
       0
       0
       1
       0
       1
       0
       1
       0
       2
       2
       1
       0
       0
       0
       0
       0
       0
       0
       0
       0
       0
       0
       0
       0
       0
       0
       0
       0
       0
       0
       0
       0
       0
       0
       0
       0
       0
       0
       0
       0
       0
       0
       0
       0
       0
       0
       0
       0
       0
       0
       0
       0
       0
       0
       0
       0
       0
       0
#$ROI:
#1
#191 218
#$PRESETS:
#Real Time
#480
#0
#$ENER_FIT:
#0.000000 3.991138
#$MCA_CAL:
#3
#0.000000E+000 3.991138E+000 0.000000E+000 keV
#$SHAPE_CAL:
#3
#1.151547E+001 0.000000E+000 0.000000E+000
