#$SPEC_ID:
#No sample description was entered.
#$SPEC_REM:
#DET# 1
#DETDESC# PRAK01 Easy-MCA-2k SN 15071856
#AP# Maestro Version 7.01
#$DATE_MEA:
#01/01/2002 02:26:45
#$MEAS_TIM:
#479 480
#$DATA:
#0 511
       0
       0
       0
       0
       0
       0
       0
       0
       0
       0
       0
       0
       0
       0
       0
       0
       0
       0
       0
       0
       0
       0
       0
       0
       0
       0
       0
       0
       0
       0
       0
       5
      70
      90
     128
     139
     115
     123
     147
     128
     142
     127
     138
     144
     137
     117
     138
     140
     132
     133
     145
     128
     126
     139
     121
     144
     114
     126
     115
     144
     141
     131
     127
     136
     134
     118
     132
     118
     136
     120
     114
     102
     114
     129
     111
     115
     105
      94
      89
      97
     100
      87
      99
      95
      95
      81
      82
      80
      81
      96
      78
      66
      99
      82
      83
      72
      70
      79
      75
      77
      73
      62
      71
      73
      63
      67
      64
      68
      76
      66
      65
      63
      58
      70
      59
      56
      67
      53
      56
      61
      60
      46
      60
      55
      49
      57
      59
      54
      61
      43
      62
      43
      64
      47
      56
      61
      46
      42
      63
      48
      49
      38
      46
      42
      45
      47
      35
      45
      35
      37
      33
      39
      26
      20
      24
      26
      27
      17
      22
      32
      34
      30
      24
      15
      23
      26
      24
      22
      30
      26
      30
      19
      29
      19
      21
      32
      41
      26
      28
      33
      26
      26
      35
      29
      44
      35
      53
      43
      59
      52
      68
      81
     100
     111
     120
     177
     193
     200
     199
     229
     269
     254
     297
     241
     262
     259
     242
     209
     185
     161
     148
     103
      75
      73
      56
      40
      35
      20
      21
      13
      13
       9
       7
      13
       9
      11
       4
       8
       5
       3
       7
       8
       8
       6
       7
       6
       7
      10
       7
       6
       5
       4
       5
       7
       6
       3
       6
       5
       6
       6
       8
       5
       6
       2
       6
       6
       9
       6
       5
       9
       4
       6
       8
       5
       4
       3
       7
      10
       6
       3
       6
       5
       6
       6
       9
       5
       3
       4
       3
       4
       9
       4
       5
       2
       6
       4
       3
       7
       4
       4
       2
       1
       6
       6
       6
       4
       6
       4
       3
       4
       7
       6
       6
       4
       2
       2
       3
       2
       3
       1
       3
       4
       1
       2
       4
       8
       4
       3
       1
       6
       6
       3
       5
       4
       3
       6
       8
       2
       6
       4
       1
       2
       4
       7
       7
       7
       3
       4
       3
       2
       2
       2
       4
       5
       4
       4
       4
       3
       4
       5
       1
       1
       4
       1
       3
       3
       1
       3
       1
       4
       1
       2
       1
       2
       1
       2
       0
       2
       1
       1
       4
       0
       2
       2
       6
       6
       0
       5
       3
       1
       2
       2
       0
       4
       0
       2
       1
       2
       1
       2
       1
       2
       4
       2
       2
       2
       2
       4
       1
       1
       1
       1
       1
       2
       1
       5
       3
       0
       6
       2
       3
       4
       4
       3
       4
       7
       7
       1
       3
       3
       4
       5
       2
       2
       9
       5
       4
       4
       4
       5
       3
       4
       8
       4
       4
       5
       3
       3
       3
       2
       1
       2
       2
       1
       1
       0
       2
       2
       1
       0
       3
       1
       1
       1
       3
       2
       1
       2
       1
       2
       1
       1
       0
       0
       0
       0
       0
       0
       0
       0
       0
       0
       0
       0
       0
       0
       0
       0
       0
       0
       0
       0
       0
       0
       0
       0
       0
       0
       0
       0
       0
       0
       0
       0
       0
       0
       0
       0
       0
       0
       0
       0
       0
       0
       0
       0
       0
       0
       0
       0
       0
       0
#$ROI:
#2
#191 222
#272 296
#$PRESETS:
#Real Time
#480
#0
#$ENER_FIT:
#0.000000 3.991138
#$MCA_CAL:
#3
#0.000000E+000 3.991138E+000 0.000000E+000 keV
#$SHAPE_CAL:
#3
#1.151547E+001 0.000000E+000 0.000000E+000
