#$SPEC_ID:
#No sample description was entered.
#$SPEC_REM:
#DET# 1
#DETDESC# PRAK01 Easy-MCA-2k SN 15071856
#AP# Maestro Version 7.01
#$DATE_MEA:
#01/01/2002 00:16:25
#$MEAS_TIM:
#59 60
#$DATA:
#0 511
       0
       0
       0
       0
       0
       0
       0
       0
       0
       0
       0
       0
       0
       0
       0
       0
       0
       0
       0
       0
       0
       0
       0
       0
       0
       0
       0
       0
       0
       0
       0
       0
      66
      90
     103
     103
     107
      91
     114
     115
     126
     114
     108
     101
     125
     114
     120
     129
     124
     103
     112
     115
     116
     117
     135
     122
     124
     132
     140
      97
     144
     141
     156
     146
     158
     141
     160
     138
     136
     124
     141
     137
     129
     140
     157
     140
     149
     135
     134
     128
     113
     113
     112
     130
     107
      99
     118
     106
     118
     119
     127
     123
     116
     112
     114
     125
     126
     141
     119
     105
     123
     118
     117
     122
     106
     122
     103
     114
     139
      92
     105
     131
      98
     119
     100
     108
     103
     106
     103
     117
      93
     110
     110
     113
     113
     101
     113
     123
     100
     111
     120
      99
     113
     120
     108
     107
     120
     123
     113
     107
     107
     107
     106
     101
     110
      91
      95
      93
      81
      91
      88
      81
      73
      69
      65
      58
      57
      50
      54
      60
      48
      47
      38
      51
      47
      35
      41
      43
      39
      35
      53
      41
      34
      35
      39
      48
      36
      39
      49
      45
      52
      44
      44
      60
      46
      44
      48
      47
      52
      76
      74
      89
      97
     122
     154
     188
     215
     279
     313
     379
     447
     545
     595
     702
     650
     750
     815
     751
     844
     878
     752
     752
     676
     592
     510
     391
     318
     268
     221
     157
     131
     103
      57
      43
      29
      20
      19
      10
       6
       5
       1
       1
       2
       2
       1
       2
       1
       2
       2
       0
       0
       0
       2
       0
       1
       1
       0
       0
       0
       0
       1
       0
       0
       2
       1
       0
       1
       1
       0
       2
       1
       0
       0
       2
       0
       0
       1
       2
       0
       1
       0
       2
       2
       1
       0
       0
       4
       1
       0
       0
       0
       0
       1
       1
       0
       1
       0
       0
       0
       1
       0
       1
       0
       1
       0
       1
       0
       1
       1
       0
       0
       0
       1
       0
       1
       2
       0
       1
       0
       0
       1
       0
       0
       0
       1
       0
       0
       1
       0
       0
       0
       2
       0
       1
       0
       0
       0
       1
       0
       1
       1
       0
       4
       1
       0
       0
       0
       1
       1
       1
       0
       1
       1
       0
       1
       0
       0
       0
       0
       1
       0
       0
       0
       0
       0
       0
       0
       1
       0
       1
       1
       0
       0
       0
       0
       1
       0
       1
       1
       0
       0
       0
       0
       0
       3
       0
       0
       1
       1
       0
       1
       0
       0
       0
       0
       1
       0
       0
       0
       2
       0
       1
       0
       0
       1
       0
       1
       1
       0
       0
       0
       1
       1
       0
       0
       0
       1
       0
       0
       0
       0
       1
       0
       1
       1
       1
       0
       0
       0
       0
       1
       0
       0
       1
       1
       0
       1
       0
       0
       2
       1
       0
       0
       0
       0
       0
       1
       2
       0
       0
       0
       2
       0
       0
       2
       0
       0
       0
       0
       0
       1
       0
       1
       1
       0
       0
       0
       0
       0
       0
       0
       0
       0
       0
       0
       0
       0
       0
       0
       0
       0
       0
       0
       0
       0
       0
       0
       0
       0
       0
       0
       0
       0
       0
       0
       0
       0
       0
       0
       0
       0
       0
       0
       0
       0
       0
       0
       0
       0
       0
       0
       0
       0
       0
       0
       0
       0
       0
       0
       0
       0
       0
#$ROI:
#1
#191 222
#$PRESETS:
#Real Time
#60
#0
#$ENER_FIT:
#0.000000 3.991138
#$MCA_CAL:
#3
#0.000000E+000 3.991138E+000 0.000000E+000 keV
#$SHAPE_CAL:
#3
#1.151547E+001 0.000000E+000 0.000000E+000
