#$SPEC_ID:
#No sample description was entered.
#$SPEC_REM:
#DET# 1
#DETDESC# PRAK01 Easy-MCA-2k SN 15071856
#AP# Maestro Version 7.01
#$DATE_MEA:
#01/01/2002 01:05:11
#$MEAS_TIM:
#479 480
#$DATA:
#0 511
       0
       0
       0
       0
       0
       0
       0
       0
       0
       0
       0
       0
       0
       0
       0
       0
       0
       0
       0
       0
       0
       0
       0
       0
       0
       0
       0
       0
       0
       0
       0
       6
     252
     383
     375
     429
     417
     439
     432
     433
     482
     453
     479
     432
     492
     453
     488
     430
     468
     484
     490
     494
     472
     475
     503
     509
     485
     480
     469
     532
     524
     534
     545
     550
     549
     533
     558
     547
     540
     530
     514
     496
     524
     547
     500
     481
     510
     520
     529
     475
     446
     480
     485
     454
     434
     464
     423
     456
     418
     446
     425
     404
     445
     441
     436
     442
     447
     420
     448
     446
     414
     451
     429
     416
     416
     434
     384
     431
     404
     394
     401
     453
     414
     406
     412
     428
     384
     402
     416
     382
     411
     415
     353
     392
     406
     392
     396
     373
     390
     390
     408
     401
     436
     429
     419
     399
     408
     432
     401
     431
     405
     405
     375
     361
     354
     320
     332
     324
     293
     256
     264
     241
     246
     224
     227
     214
     199
     193
     186
     180
     176
     169
     143
     182
     153
     159
     136
     157
     134
     144
     188
     173
     175
     158
     151
     179
     182
     180
     188
     148
     176
     164
     164
     182
     189
     197
     242
     243
     274
     321
     394
     445
     589
     748
     887
    1047
    1290
    1489
    1746
    2057
    2214
    2632
    2727
    2876
    2882
    2973
    2819
    2840
    2544
    2418
    2075
    1843
    1530
    1309
    1072
     750
     616
     468
     348
     235
     163
     122
      67
      53
      31
      17
      19
      21
      12
      13
       4
       8
       6
      13
      10
       3
       7
       4
       4
       5
      10
      12
       5
       7
       6
       8
       7
      10
       6
       3
       7
      12
      12
       4
       5
       7
       6
       6
       3
       4
       5
       5
       6
       9
       2
       9
       5
       7
       4
      11
       3
       4
       7
      11
       1
       6
       4
       4
       3
       6
       4
       6
       5
       3
       5
       7
       6
       9
       5
       6
       4
       3
       4
       3
       5
       2
       1
       5
       4
       5
       2
       7
       3
       6
       4
       3
       2
       4
       2
       5
       5
       7
       5
       5
       8
       1
       5
       5
       2
       2
       7
       3
       5
       5
       8
       2
       1
       6
       8
       3
       6
       6
       3
       5
       4
       3
       7
       5
       8
       7
       3
       6
       5
       3
       2
       4
       7
       6
       4
       7
       5
       5
       3
       3
       3
       2
       5
       5
       2
       3
       1
       3
       1
       2
       4
       2
       3
       1
       7
       3
       2
       2
       2
       4
       4
       2
       1
       4
       5
       2
       1
       4
       1
       2
       2
       1
       1
       2
       1
       3
       3
       2
       2
       1
       5
       2
       4
       2
       1
       1
       5
       1
       5
       2
       2
       2
       5
       1
       2
       2
       2
       4
       7
       2
       4
       7
       4
       4
       5
       7
       4
       4
       3
       1
       5
       2
       2
       9
       1
       5
       5
      11
       6
       7
       7
       6
       6
       1
       3
       6
       6
       4
       1
       0
       2
       4
       3
       5
       0
       1
       4
       1
       1
       1
       1
       1
       0
       0
       0
       1
       0
       0
       0
       2
       1
       0
       0
       0
       0
       0
       0
       0
       0
       0
       0
       0
       0
       0
       0
       0
       0
       0
       0
       0
       0
       0
       0
       0
       0
       0
       0
       0
       0
       0
       0
       0
       0
       0
       0
       0
       0
       0
       0
       0
       0
       0
       0
       0
       0
       0
       0
       0
#$ROI:
#1
#191 222
#$PRESETS:
#Real Time
#480
#0
#$ENER_FIT:
#0.000000 3.991138
#$MCA_CAL:
#3
#0.000000E+000 3.991138E+000 0.000000E+000 keV
#$SHAPE_CAL:
#3
#1.151547E+001 0.000000E+000 0.000000E+000
