#$SPEC_ID:
#No sample description was entered.
#$SPEC_REM:
#DET# 1
#DETDESC# PRAK01 Easy-MCA-2k SN 15071856
#AP# Maestro Version 7.01
#$DATE_MEA:
#01/01/2002 00:45:15
#$MEAS_TIM:
#479 480
#$DATA:
#0 511
       0
       0
       0
       0
       0
       0
       0
       0
       0
       0
       0
       0
       0
       0
       0
       0
       0
       0
       0
       0
       0
       0
       0
       0
       0
       0
       0
       0
       0
       0
       0
      10
     322
     418
     440
     476
     450
     445
     490
     486
     523
     512
     543
     538
     543
     563
     550
     521
     491
     515
     509
     592
     518
     491
     580
     578
     554
     558
     534
     604
     598
     581
     645
     608
     566
     653
     609
     606
     598
     594
     596
     582
     607
     574
     559
     570
     624
     591
     527
     610
     547
     546
     549
     534
     578
     538
     529
     540
     507
     534
     498
     524
     499
     477
     464
     481
     449
     465
     452
     486
     476
     492
     485
     504
     456
     476
     471
     493
     473
     471
     492
     476
     456
     494
     506
     417
     468
     470
     494
     467
     439
     472
     452
     493
     515
     508
     482
     479
     485
     488
     469
     472
     473
     450
     475
     517
     494
     469
     460
     469
     493
     460
     423
     433
     426
     426
     414
     332
     354
     339
     286
     275
     272
     276
     260
     238
     223
     216
     214
     193
     219
     206
     182
     210
     161
     201
     202
     168
     182
     182
     167
     174
     170
     165
     157
     182
     207
     189
     200
     182
     198
     196
     217
     216
     229
     229
     249
     296
     267
     337
     394
     499
     651
     730
     874
    1104
    1310
    1632
    1861
    2174
    2529
    2746
    3112
    3309
    3375
    3437
    3518
    3406
    3159
    2955
    2692
    2457
    2044
    1732
    1418
    1156
     871
     644
     500
     357
     226
     172
     129
      73
      47
      32
      25
      10
      17
       7
       4
      10
       9
       4
       8
       2
       6
       5
       5
       5
       5
       3
       4
       8
       3
      10
       8
       8
      15
       3
       9
       4
       9
       6
       3
       6
       7
       6
       4
       3
       7
       4
       7
      10
       6
       3
       4
       8
       6
       5
       5
       9
       6
       3
       9
       8
       8
       8
       4
       5
       3
       4
       7
       4
       7
       8
       4
       6
       7
       8
       9
       3
       4
       5
       7
       3
       7
       3
       9
       3
      10
       5
       7
       4
       2
       8
       2
       3
       3
       2
       4
       5
       4
       3
       5
       6
       7
       1
       2
       6
       4
       1
       2
       2
       3
       2
       7
       6
       2
       6
       5
       2
       3
       5
       4
       2
       2
       2
       3
       3
       1
       2
       3
       3
       4
       4
       2
       4
       2
       4
       3
       1
       8
       3
       1
       4
       4
       2
       2
       3
       1
       6
       2
       4
       1
       2
       5
       1
       4
       2
       4
       5
       3
       3
       3
       0
       1
       0
       1
       3
       5
       1
       2
       2
       1
       3
       4
       6
       2
       1
       2
       3
       4
       0
       3
       5
       3
       6
       1
       1
       1
       3
       0
       0
       2
       1
       3
       0
       3
       1
       3
       0
       3
       4
       3
       1
       0
       4
       4
       2
       5
       2
       6
       4
       4
       2
       6
       8
       2
       6
      13
       5
       7
       2
       5
       5
       3
       6
       9
       4
       8
       3
       3
       2
       4
       1
       1
       0
       2
       1
       1
       2
       3
       1
       0
       1
       1
       0
       2
       2
       2
       0
       0
       3
       0
       0
       0
       0
       0
       0
       0
       0
       0
       0
       0
       0
       0
       0
       0
       0
       0
       0
       0
       0
       0
       0
       0
       0
       0
       0
       0
       0
       0
       0
       0
       0
       0
       0
       0
       0
       0
       0
       0
       0
       0
       0
       0
       0
       0
       0
       0
       0
#$ROI:
#1
#191 222
#$PRESETS:
#Real Time
#480
#0
#$ENER_FIT:
#0.000000 3.991138
#$MCA_CAL:
#3
#0.000000E+000 3.991138E+000 0.000000E+000 keV
#$SHAPE_CAL:
#3
#1.151547E+001 0.000000E+000 0.000000E+000
