#$SPEC_ID:
#No sample description was entered.
#$SPEC_REM:
#DET# 1
#DETDESC# PRAK01 Easy-MCA-2k SN 15071856
#AP# Maestro Version 7.01
#$DATE_MEA:
#01/01/2002 00:54:38
#$MEAS_TIM:
#479 480
#$DATA:
#0 511
       0
       0
       0
       0
       0
       0
       0
       0
       0
       0
       0
       0
       0
       0
       0
       0
       0
       0
       0
       0
       0
       0
       0
       0
       0
       0
       0
       0
       0
       0
       0
       8
     318
     438
     495
     442
     470
     506
     472
     445
     494
     527
     534
     492
     506
     545
     543
     512
     521
     538
     522
     502
     547
     553
     537
     553
     574
     578
     548
     573
     596
     652
     652
     658
     624
     640
     655
     643
     635
     626
     624
     648
     581
     634
     617
     591
     617
     594
     566
     557
     560
     537
     545
     513
     526
     532
     555
     524
     513
     509
     498
     504
     492
     506
     528
     494
     492
     468
     463
     481
     458
     503
     472
     467
     482
     477
     485
     468
     476
     524
     502
     490
     468
     438
     484
     498
     485
     515
     462
     496
     435
     451
     482
     487
     480
     520
     505
     500
     468
     473
     516
     501
     460
     453
     488
     518
     440
     512
     489
     463
     475
     436
     448
     465
     467
     394
     392
     371
     340
     318
     330
     265
     266
     226
     249
     208
     246
     221
     216
     213
     174
     200
     189
     226
     216
     176
     185
     182
     182
     200
     193
     168
     168
     206
     209
     214
     192
     181
     202
     182
     191
     195
     216
     226
     232
     234
     257
     274
     297
     345
     399
     478
     560
     684
     934
    1116
    1316
    1565
    1908
    2101
    2468
    2840
    3116
    3294
    3322
    3471
    3536
    3306
    3326
    3005
    2717
    2441
    2064
    1743
    1427
    1126
     903
     638
     490
     354
     240
     184
     119
      72
      47
      44
      27
      16
      15
      14
      11
      13
       7
       4
       6
       8
       4
       2
       6
       6
       2
       9
       3
       5
       8
       4
       4
       3
       7
       5
       2
       8
       2
       6
       4
       4
      11
       7
       7
       4
      11
      11
       6
       3
       9
       6
       3
       3
       6
      12
       7
       7
       1
      11
       6
       5
       6
       7
       4
       0
       3
       5
       7
       7
       6
       3
       5
       6
       6
       8
       7
       6
       8
       7
       4
       4
       8
       8
       3
       5
       3
       1
       6
       5
       7
       2
       4
       2
       2
       2
       6
       3
       8
       5
       7
       4
       9
       3
       3
       5
       4
       3
       5
       6
       2
       1
       1
       4
       2
       4
       4
       3
       3
       5
       4
       1
       4
       2
       2
       3
       6
       6
       7
       4
       5
       2
       4
       3
       4
       3
       3
       1
       5
       1
       5
       2
       1
       1
       2
       4
       3
       2
       4
       5
       9
       3
       0
       3
       4
       3
       2
       3
       1
       0
       0
       3
       2
       6
       1
       2
       6
       3
       1
       2
       0
       1
       1
       1
       2
       5
       1
       1
       1
       1
       3
       4
       0
       1
       0
       1
       1
       4
       0
       1
       2
       0
       3
       3
       1
       3
       2
       1
       2
       2
       4
       5
       3
       7
       5
       2
       6
       2
       2
       4
       4
       2
       1
       7
       1
       3
       5
       5
       9
       2
       8
       5
       3
       2
       3
       3
       5
       3
       0
       2
       2
       3
       5
       0
       2
       2
       3
       1
       1
       3
       2
       0
       2
       4
       0
       1
       1
       0
       2
       0
       0
       0
       0
       0
       0
       0
       0
       0
       0
       0
       0
       0
       0
       0
       0
       0
       0
       0
       0
       0
       0
       0
       0
       0
       0
       0
       0
       0
       0
       0
       0
       0
       0
       0
       0
       0
       0
       0
       0
       0
       0
       0
       0
       0
       0
       0
       0
       0
#$ROI:
#1
#191 222
#$PRESETS:
#Real Time
#480
#0
#$ENER_FIT:
#0.000000 3.991138
#$MCA_CAL:
#3
#0.000000E+000 3.991138E+000 0.000000E+000 keV
#$SHAPE_CAL:
#3
#1.151547E+001 0.000000E+000 0.000000E+000
