#$SPEC_ID:
#No sample description was entered.
#$SPEC_REM:
#DET# 1
#DETDESC# PRAK01 Easy-MCA-2k SN 15071856
#AP# Maestro Version 7.01
#$DATE_MEA:
#01/01/2002 01:57:17
#$MEAS_TIM:
#479 480
#$DATA:
#0 511
       0
       0
       0
       0
       0
       0
       0
       0
       0
       0
       0
       0
       0
       0
       0
       0
       0
       0
       0
       0
       0
       0
       0
       0
       0
       0
       0
       0
       0
       0
       0
       2
      53
      56
      97
     108
     109
     103
     118
      90
      93
     112
     124
     110
      84
     110
     112
     115
     123
      95
     121
     109
      91
      98
     113
     115
     110
     130
      89
     119
     116
     121
     113
     118
      85
     100
     105
     102
      79
      99
      84
      99
      85
      87
      86
      83
      93
      75
     101
      69
      69
      89
      85
      73
      68
      61
      59
      48
      51
      39
      65
      61
      55
      51
      61
      56
      56
      46
      55
      56
      46
      57
      42
      54
      41
      39
      54
      46
      47
      54
      49
      52
      34
      35
      46
      42
      40
      38
      40
      32
      26
      32
      39
      26
      34
      35
      36
      37
      38
      28
      28
      29
      30
      41
      25
      34
      38
      26
      32
      26
      25
      37
      20
      23
      23
      22
      24
      23
      24
      19
      17
      21
      23
      22
      34
      17
      22
      16
      22
      25
      24
      16
      16
      16
      17
      19
      13
      15
      19
      16
      19
      28
      21
      12
      18
      22
      14
      17
      20
      17
      17
      20
      21
      22
      11
      11
      31
      21
      23
      24
      30
      37
      33
      36
      44
      59
      61
      77
      65
      79
      95
      89
      89
      93
     110
      95
      93
      71
      67
      63
      73
      46
      43
      39
      28
      31
      15
      15
      16
       5
       6
      13
       4
       9
       7
       8
       8
       7
       6
       4
      12
      11
      10
       3
       4
       6
       0
       5
       9
       8
       5
       9
       9
      17
       5
       3
       3
       4
       6
      12
       4
       3
       8
       3
       5
       5
       5
       7
       6
      10
       2
       7
       6
      10
       9
       2
       4
       4
       3
       4
       8
       1
       5
       5
       4
      12
       7
       5
       5
       7
       6
       9
       6
       5
       7
       5
       3
       5
       5
       6
       3
       4
       2
       5
       8
       3
       3
       6
       3
       4
       6
       1
       5
       1
       3
       5
       1
       3
       4
       3
       4
       5
       3
       3
       4
       1
       4
       4
       3
       3
       2
       4
       5
       2
       3
       7
       3
       5
       5
       0
       3
       6
       3
       4
       5
       4
       0
       4
       6
       5
       4
       3
       2
       7
       4
       5
       4
       2
       2
       4
       3
       1
       4
       1
       2
       5
       1
       2
       2
       4
       5
       3
       3
       3
       3
       7
       2
       2
       1
       2
       6
       1
       0
       3
       2
       4
       3
       2
       3
       0
       4
       2
       0
       4
       2
       4
       4
       0
       3
       3
       4
       1
       2
       1
       1
       0
       2
       1
       2
       1
       0
       4
       1
       2
       1
       3
       3
       2
       1
       4
       4
       3
       2
       1
       3
       4
       0
       7
       1
       0
       0
       2
       4
       5
       1
       5
      10
       4
       5
       2
       2
       3
       8
       6
       2
       1
       5
       4
       2
       2
       9
       6
       2
       2
       1
       1
       0
       1
       0
       1
       1
       1
       2
       1
       0
       2
       2
       1
       3
       2
       0
       1
       1
       1
       0
       0
       0
       0
       0
       0
       0
       0
       0
       0
       0
       0
       0
       0
       0
       0
       0
       0
       0
       0
       0
       0
       0
       0
       0
       0
       0
       0
       0
       0
       0
       0
       0
       0
       0
       0
       0
       0
       0
       0
       0
       0
       0
       0
       0
       0
       0
       0
#$ROI:
#1
#191 222
#$PRESETS:
#Real Time
#480
#0
#$ENER_FIT:
#0.000000 3.991138
#$MCA_CAL:
#3
#0.000000E+000 3.991138E+000 0.000000E+000 keV
#$SHAPE_CAL:
#3
#1.151547E+001 0.000000E+000 0.000000E+000
