#$SPEC_ID:
#No sample description was entered.
#$SPEC_REM:
#DET# 1
#DETDESC# PRAK01 Easy-MCA-2k SN 15071856
#AP# Maestro Version 7.01
#$DATE_MEA:
#01/01/2002 01:47:47
#$MEAS_TIM:
#479 480
#$DATA:
#0 511
       0
       0
       0
       0
       0
       0
       0
       0
       0
       0
       0
       0
       0
       0
       0
       0
       0
       0
       0
       0
       0
       0
       0
       0
       0
       0
       0
       0
       0
       0
       0
       3
      63
     102
     144
     139
     125
     134
     142
     135
     123
     144
     120
     134
     148
     130
     136
     149
     131
     152
     142
     116
     139
     139
     142
     137
     128
     171
     143
     122
     131
     154
     128
     141
     109
     123
     125
     116
     121
     117
     125
     120
      94
      94
     113
     107
     119
     100
     108
     118
     117
     109
     101
      86
     101
      75
     103
      85
      99
      72
      78
      98
      86
      77
      95
      77
      71
      78
      78
      86
      66
      80
      91
      72
      58
      52
      63
      66
      57
      66
      74
      59
      62
      66
      70
      67
      56
      60
      58
      55
      59
      52
      61
      65
      60
      64
      53
      53
      62
      58
      70
      63
      47
      56
      62
      51
      61
      53
      57
      59
      51
      52
      50
      46
      38
      41
      47
      42
      35
      40
      47
      41
      33
      31
      31
      28
      33
      39
      26
      32
      29
      40
      27
      25
      35
      19
      27
      18
      29
      26
      33
      25
      35
      22
      30
      31
      30
      30
      32
      25
      36
      30
      23
      26
      33
      32
      34
      51
      32
      45
      65
      66
      78
      92
      98
     140
     141
     171
     168
     235
     231
     233
     247
     269
     264
     247
     242
     243
     209
     184
     159
     140
      93
     111
      94
      46
      49
      36
      27
      18
      20
      15
      11
      10
       6
       4
       6
       6
       9
      10
      11
      10
       7
       4
       5
       5
       4
       9
       8
       7
       8
       5
       9
       7
       3
       2
       7
      10
       9
       4
       4
       1
       3
       6
       6
       7
       7
       2
       6
       6
       9
       3
       9
       4
       6
       5
       5
       4
       5
       8
       2
       8
       4
       6
       6
       6
       5
       6
       9
       3
       2
       3
       6
       4
       5
      10
       8
       4
       7
       7
       7
       8
       7
       2
       6
       3
       0
       4
       3
       4
       7
       4
       5
       2
       1
       4
       2
       3
       2
       0
       8
       3
       5
       6
       5
       5
       4
       1
       3
       2
       6
       0
       4
       2
       5
       6
       3
       4
       2
       6
       2
       5
       7
       2
       5
       5
       5
       3
       8
       3
       2
       5
       4
       2
       1
       1
       4
       1
       2
       4
       1
       6
       1
       3
       2
       4
       3
       2
       4
       4
       4
       8
       1
       3
       7
       3
       1
       5
       3
       2
       4
       6
       1
       2
       3
       4
       4
       2
       2
       4
       4
       1
       1
       2
       3
       1
       2
       2
       0
       2
       6
       0
       4
       2
       1
       5
       2
       1
       2
       0
       1
       3
       5
       1
       1
       3
       3
       7
       2
       1
       1
       3
       4
       1
       4
       2
       3
       2
       2
       2
       3
       4
       4
       2
       5
       5
       5
       3
       7
       5
       6
       4
       3
       5
       5
       6
       3
       3
       5
       4
       3
       3
       3
       3
       0
       0
       1
       1
       0
       3
       6
       0
       0
       0
       2
       0
       1
       0
       3
       1
       2
       1
       1
       2
       0
       0
       0
       0
       0
       0
       0
       0
       0
       0
       0
       0
       0
       0
       0
       0
       0
       0
       0
       0
       0
       0
       0
       0
       0
       0
       0
       0
       0
       0
       0
       0
       0
       0
       0
       0
       0
       0
       0
       0
       0
       0
       0
       0
       0
       0
       0
       0
#$ROI:
#1
#191 222
#$PRESETS:
#Real Time
#480
#0
#$ENER_FIT:
#0.000000 3.991138
#$MCA_CAL:
#3
#0.000000E+000 3.991138E+000 0.000000E+000 keV
#$SHAPE_CAL:
#3
#1.151547E+001 0.000000E+000 0.000000E+000
