#$SPEC_ID:
#No sample description was entered.
#$SPEC_REM:
#DET# 1
#DETDESC# PRAK01 Easy-MCA-2k SN 15071856
#AP# Maestro Version 7.01
#$DATE_MEA:
#01/01/2002 02:58:49
#$MEAS_TIM:
#479 480
#$DATA:
#0 511
       0
       0
       0
       0
       0
       0
       0
       0
       0
       0
       0
       0
       0
       0
       0
       0
       0
       0
       0
       0
       0
       0
       0
       0
       0
       0
       0
       0
       0
       0
       0
       4
      99
     104
     148
     170
     161
     143
     154
     141
     162
     166
     160
     149
     132
     189
     152
     161
     176
     151
     151
     146
     158
     161
     157
     178
     153
     170
     177
     184
     142
     165
     164
     154
     144
     159
     157
     156
     166
     163
     139
     136
     135
     143
     121
     137
     123
     108
     132
     116
     133
     127
     112
     118
     120
     107
     117
     103
     105
     100
     110
     117
     108
      91
     120
      91
      94
      97
     102
      74
      98
      99
      99
      90
      93
      90
      91
      98
      68
      80
      84
      84
      82
      86
      85
      86
      79
      87
      88
      75
      99
      66
      68
      79
      94
      89
      74
      86
      65
      76
      86
      91
      83
      75
      75
      92
      92
      80
      79
      85
      65
      72
      82
      70
      64
      51
      54
      56
      41
      51
      37
      49
      42
      34
      38
      35
      36
      43
      44
      38
      41
      17
      34
      34
      31
      37
      33
      32
      37
      28
      37
      29
      42
      32
      34
      43
      33
      39
      50
      48
      48
      30
      45
      50
      55
      67
      61
      95
      88
     108
     155
     197
     212
     263
     282
     336
     395
     457
     500
     475
     508
     505
     555
     486
     501
     431
     365
     303
     231
     210
     176
     152
      99
      79
      67
      45
      32
      21
      19
       9
      13
      11
       9
       6
       8
       5
       5
       2
       6
       5
       7
       8
       6
      11
      11
       2
       8
       6
      11
       5
       7
       5
       8
       8
       8
       6
      11
       7
       6
       5
       4
       3
       4
       5
       8
       6
       4
       6
       6
       8
       7
       6
       6
       4
       5
       4
       8
       6
       6
       8
       5
       6
       4
       6
       5
       6
       6
       6
       5
       4
       6
       6
       6
       3
       5
       3
       4
       5
       5
      10
       5
       2
       6
       8
       5
       4
       2
       5
       4
       5
       2
       2
       3
       6
       5
       3
       3
       7
       5
       7
       4
       5
       6
       3
       7
       5
       6
       6
       3
       2
       2
       4
       2
       6
       3
       4
       6
       6
       4
       6
       8
       3
       3
       4
       2
       3
       4
       2
       3
       0
       2
       4
       5
       9
       2
       2
       4
       5
       5
       2
       1
       2
       0
       1
       4
       1
       5
       5
       4
       5
       2
       3
       3
       3
       3
       4
       3
       4
       2
       0
       2
       4
       4
       0
       0
       2
       1
       4
       0
       6
       1
       1
       3
       5
       0
       0
       1
       3
       2
       3
       1
       5
       3
       1
       3
       1
       2
       2
       2
       3
       4
       3
       1
       1
       2
       3
       3
       5
       0
       2
       1
       4
       3
       1
       6
       3
       4
       2
       2
       2
       5
       4
       2
       3
       7
       7
       3
       6
       5
       2
       2
       7
       2
       1
       4
       5
       4
       3
       3
       1
       2
       1
       2
       1
       0
       0
       1
       0
       0
       2
       0
       2
       2
       0
       0
       0
       0
       0
       1
       1
       1
       1
       1
       3
       0
       0
       0
       0
       0
       0
       0
       0
       0
       0
       0
       0
       0
       0
       0
       0
       0
       0
       0
       0
       0
       0
       0
       0
       0
       0
       0
       0
       0
       0
       0
       0
       0
       0
       0
       0
       0
       0
       0
       0
       0
       0
       0
       0
       0
       0
       0
       0
#$ROI:
#1
#191 218
#$PRESETS:
#Real Time
#480
#0
#$ENER_FIT:
#0.000000 3.991138
#$MCA_CAL:
#3
#0.000000E+000 3.991138E+000 0.000000E+000 keV
#$SHAPE_CAL:
#3
#1.151547E+001 0.000000E+000 0.000000E+000
