#$SPEC_ID:
#No sample description was entered.
#$SPEC_REM:
#DET# 1
#DETDESC# PRAK01 Easy-MCA-2k SN 15071856
#AP# Maestro Version 7.01
#$DATE_MEA:
#01/01/2002 03:30:16
#$MEAS_TIM:
#479 480
#$DATA:
#0 511
       0
       0
       0
       0
       0
       0
       0
       0
       0
       0
       0
       0
       0
       0
       0
       0
       0
       0
       0
       0
       0
       0
       0
       0
       0
       0
       0
       0
       0
       0
       0
       2
      54
      80
     135
     128
     127
     110
     126
     145
     146
     146
     127
     116
     121
     132
     148
     129
     127
     142
     121
     123
     106
     124
     132
     135
     111
      97
     129
     121
     124
     130
     137
     121
     125
     124
     104
     121
     105
     134
     101
      85
      96
     119
     106
     104
     100
      94
      86
      93
      89
      77
      84
      81
      87
      89
      73
      73
      78
      81
      74
      69
      79
      66
      79
      74
      57
      67
      80
      86
      63
      65
      68
      74
      60
      59
      52
      55
      57
      56
      58
      59
      51
      49
      53
      64
      52
      46
      42
      38
      64
      57
      46
      49
      50
      50
      47
      45
      40
      49
      48
      36
      44
      48
      48
      52
      45
      33
      42
      33
      41
      42
      54
      36
      38
      26
      32
      38
      32
      30
      37
      19
      31
      31
      33
      27
      26
      19
      25
      20
      24
      22
      21
      21
      20
      20
      17
      28
      20
      18
      18
      27
      26
      24
      20
      25
      17
      26
      22
      25
      22
      31
      32
      28
      27
      28
      31
      39
      46
      48
      57
      63
      89
      94
     106
     143
     165
     162
     208
     215
     220
     229
     187
     231
     169
     164
     142
     133
     110
      77
      82
      63
      42
      27
      32
      22
      21
      20
      14
       8
       6
      12
       7
       6
      11
       8
      10
       9
       7
       9
       4
       4
      10
      10
       5
       6
       9
       8
       8
       4
       4
       4
       9
       9
       8
       6
       4
       6
       2
       6
       9
       4
       4
       2
       5
       6
       5
       5
       7
       2
       4
       3
       3
       7
       2
       5
       8
       6
       7
       8
       4
       6
       5
       6
       3
       5
       8
       5
       5
       5
       5
       3
       4
       7
       3
       6
       4
       6
       4
       6
       4
       5
       2
       2
       6
       2
       3
       4
       5
       6
       3
       7
       3
       4
       1
       3
       1
       4
       1
       4
       5
       0
       5
       3
       9
       3
       6
       3
       7
       1
       3
       2
       2
       3
       8
       2
       4
       1
       2
       5
       2
       2
       5
       4
       2
       8
       4
       4
       2
       7
       4
       6
       4
       2
       6
       4
       5
       4
       1
       4
       2
       1
       8
       1
       4
       4
       2
       2
       4
       6
       7
       6
       1
       3
       1
       3
       0
       1
       5
       1
       1
       4
       2
       5
       1
       3
       5
       2
       2
       2
       0
       4
       0
       6
       3
       2
       1
       1
       0
       0
       2
       1
       2
       4
       1
       1
       4
       0
       2
       2
       2
       1
       3
       1
       2
       1
       3
       4
       4
       1
       1
       3
      10
       5
       3
       4
       8
       9
       1
       5
       3
       5
      10
       7
       8
       2
       6
       5
       1
       5
       7
       3
       2
       9
       2
       2
       3
       2
       0
       6
       5
       0
       1
       3
       0
       4
       1
       2
       1
       0
       2
       3
       1
       0
       1
       1
       1
       3
       1
       1
       2
       0
       1
       1
       1
       0
       0
       0
       0
       0
       0
       0
       0
       0
       0
       0
       0
       0
       0
       0
       0
       0
       0
       0
       0
       0
       0
       0
       0
       0
       0
       0
       0
       0
       0
       0
       0
       0
       0
       0
       0
       0
       0
       0
       0
       0
       0
       0
       0
       0
       0
       0
#$ROI:
#1
#191 218
#$PRESETS:
#Real Time
#480
#0
#$ENER_FIT:
#0.000000 3.991138
#$MCA_CAL:
#3
#0.000000E+000 3.991138E+000 0.000000E+000 keV
#$SHAPE_CAL:
#3
#1.151547E+001 0.000000E+000 0.000000E+000
