#$SPEC_ID:
#No sample description was entered.
#$SPEC_REM:
#DET# 1
#DETDESC# PRAK01 Easy-MCA-2k SN 15071856
#AP# Maestro Version 7.01
#$DATE_MEA:
#01/01/2002 03:07:51
#$MEAS_TIM:
#479 480
#$DATA:
#0 511
       0
       0
       0
       0
       0
       0
       0
       0
       0
       0
       0
       0
       0
       0
       0
       0
       0
       0
       0
       0
       0
       0
       0
       0
       0
       0
       0
       0
       0
       0
       0
       5
     118
     144
     164
     162
     161
     163
     161
     187
     192
     187
     198
     184
     180
     181
     164
     182
     184
     196
     169
     187
     172
     154
     183
     202
     214
     170
     192
     190
     203
     198
     174
     203
     216
     174
     195
     187
     187
     200
     162
     173
     177
     177
     162
     156
     172
     130
     141
     150
     152
     145
     136
     142
     149
     149
     123
     141
     111
     139
     112
     142
     111
     118
     133
     123
     107
     128
     116
     137
     119
     127
     114
     100
     109
     124
     104
     119
     119
     101
     116
     116
     137
     122
     109
     123
      94
     114
     134
     112
      83
      98
      96
      94
      94
     101
     102
     111
      93
     106
      97
      99
      97
     103
     110
     109
     112
      98
     105
     106
     102
      83
     101
     100
      68
      73
      71
      72
      84
      73
      58
      64
      63
      55
      43
      64
      48
      47
      49
      50
      43
      37
      33
      41
      51
      49
      48
      58
      44
      44
      51
      54
      44
      50
      44
      52
      51
      59
      56
      50
      41
      53
      51
      73
      85
      86
     101
      93
     128
     161
     160
     251
     275
     312
     367
     431
     493
     510
     608
     642
     595
     655
     613
     610
     531
     496
     460
     408
     370
     291
     236
     177
     128
     107
      90
      51
      48
      22
      21
      11
      17
      10
       9
       8
       8
      10
      11
       5
       6
      10
       9
       5
       7
       2
       6
       6
       5
       9
       8
       7
       6
       7
       4
       2
       5
       5
       7
       3
       3
       5
       4
       4
      10
       4
       4
       2
      10
       4
       3
       3
       8
       5
       8
       8
       5
       5
       8
       6
       7
       4
       5
       8
       4
       5
       7
       6
       8
       8
       6
       2
       7
      11
      10
       8
       2
       5
       8
       6
       3
      10
       4
       3
       1
       3
       1
       5
       7
       8
       2
       2
       3
       4
       1
       6
       2
       3
       5
       4
       3
       6
       1
       6
       2
       3
       5
       5
       3
       3
       8
       3
       3
       6
       4
       5
       3
       6
       7
       7
       4
       3
       9
       6
       3
       5
       6
       4
       9
       6
       6
       7
       2
       3
       1
       5
       3
       6
       2
       3
       0
       3
       6
       2
       4
       2
       4
       3
       6
       4
       4
       2
       2
       2
       3
       4
       3
       1
       1
       5
       3
       2
       5
       3
       1
       0
       1
       3
       2
       1
       4
       3
       2
       2
       1
       0
       0
       3
       2
       2
       2
       1
       1
       1
       1
       1
       2
       1
       3
       3
       2
       1
       3
       2
       3
       2
       1
       4
       2
       0
       1
       5
       0
       2
       1
       2
       8
       5
       6
       2
       6
       6
       8
       1
       5
       4
       5
       5
       5
       5
       7
       5
       3
       5
       4
       4
       6
       5
       8
       1
       2
       3
       3
       2
       2
       3
       1
       1
       1
       0
       0
       0
       0
       0
       1
       2
       2
       1
       0
       3
       1
       0
       0
       0
       0
       1
       0
       0
       0
       0
       0
       0
       0
       0
       0
       0
       0
       0
       0
       0
       0
       0
       0
       0
       0
       0
       0
       0
       0
       0
       0
       0
       0
       0
       0
       0
       0
       0
       0
       0
       0
       0
       0
       0
       0
       0
       0
       0
       0
       0
       0
       0
       0
       0
#$ROI:
#1
#191 218
#$PRESETS:
#Real Time
#480
#0
#$ENER_FIT:
#0.000000 3.991138
#$MCA_CAL:
#3
#0.000000E+000 3.991138E+000 0.000000E+000 keV
#$SHAPE_CAL:
#3
#1.151547E+001 0.000000E+000 0.000000E+000
